"AgeI"	"ApoI"	"BsrFI"	"EcoRI"	"FatI"	"KpnI"	"MluCI"	"MseI"	"MspI"	"NcoI"	"NgoMIV"	"NotI"	"NsiI"	"NspI"	"PciI"	"PstI"	"SbfI"	"SgrAI"
"Bignat"	6614	120769	25918	22871	454417	7860	426604	263465	105482	15686	6404	766	50085	150561	33843	28951	1029	2255
"Leibra"	3981	7987	31389	2370	112242	4116	25676	19707	81192	6327	12240	1636	4913	32229	5279	21552	948	5510
"Trycru"	10607	131309	70637	17324	374577	6696	364802	158062	235589	16763	27270	6967	27306	103985	24800	57726	2859	7739
"Ectsil"	36965	130260	204547	25776	890762	39168	415577	242145	727592	58799	67652	8363	59287	255321	64020	66831	3832	24702
"Aurlim"	4089	82396	20396	15713	235789	9707	311131	231357	77814	13658	6504	606	19637	53026	11953	22452	835	1898
"Hypcat"	6875	35322	34005	8012	247874	9492	145789	144617	138944	17496	9542	937	11727	47756	10518	39935	2057	2435
"Aurano"	6765	20323	137496	6021	158872	4145	51139	21661	414577	19498	96122	38448	2691	30839	5103	10870	726	44476
"Blahom"	1497	25049	6412	10022	59421	1520	99391	43102	27149	3111	1606	243	4756	12229	3536	6618	247	849
"Nangad"	3696	30765	25130	5121	146119	4437	93441	53202	110147	10413	8928	1043	7702	35215	6946	9114	907	2239
"Fracyl"	11285	155814	23389	23392	248062	9703	603224	348569	73293	12417	2047	186	32908	57316	18173	13550	294	1273
"Psemul"	57755	333049	158194	69040	850739	38608	1218843	490708	508807	51309	26517	1509	75478	171715	55081	40945	1311	11262
"Phatri"	4530	35874	17866	7375	90042	5308	112755	43353	75301	7989	4186	394	4962	18781	5103	5695	194	1528
"Thapse"	2237	18307	9261	5294	111566	3694	87666	42826	34824	6609	1894	125	12235	23252	6290	8544	167	887
"Albcan"	3883	62895	10453	13818	134246	3783	218865	84722	43044	4321	1815	111	14061	34094	8833	7468	231	676
"Pytult"	5056	31111	23082	7233	202931	5881	118318	63277	70253	12619	7880	1911	12681	52796	8943	20174	589	3034
"Sappar"	11559	18639	70905	4771	269910	11664	67062	37639	172403	23124	30427	4566	12142	64497	11367	20731	456	11997
"Phyinf"	39727	165967	133858	33221	725115	34011	608363	527338	534604	45324	30289	2331	40863	179386	57011	73872	2602	11259
"Hyaara"	10901	79057	37245	15277	289228	11263	306122	255643	129897	13389	7703	669	19588	70944	20903	24188	582	2441
"Psecub"	9827	58325	108956	12715	301628	7607	207367	122188	271574	21547	51571	3879	13198	65935	10833	45609	4344	12990
"Gialam"	1101	7955	6005	1815	46689	1295	32631	29536	26034	2522	2021	140	3784	13174	2653	6179	285	421
"Permar"	10914	128089	39874	26307	343504	12345	348428	183722	167177	18764	9447	641	23267	78740	23191	21745	919	2499
"Stylem"	322	94639	1537	12852	63342	1192	342811	336177	5186	1611	438	17	7593	11016	2715	3529	99	110
"Oxytri"	759	266007	2052	27642	172067	2556	1009516	980266	7866	3930	229	4	17597	33410	9833	7297	174	77
"Partet"	523	321051	1326	36915	147787	2009	1403549	1150343	6459	4276	151	5	25319	30492	12790	5672	148	21
"Ichmul"	309	312427	809	10735	43019	328	1284159	1381411	4806	715	106	1	10580	11125	5683	1238	68	6
"Tetthe"	365	658045	831	27951	135431	1829	2513627	2495212	3564	2286	58	3	25664	31964	11853	5835	173	19
"Hamham"	8948	54092	63672	16638	256773	6131	135531	76082	223210	10022	24410	2690	26785	107143	17230	39591	1904	8095
"Toxgon"	7836	52637	46118	15585	253069	5805	131659	73652	180606	9146	15914	2151	27865	108001	18237	38066	1853	5425
"Crypa1"	537	40135	1069	4475	21070	826	147601	113844	3287	768	105	3	3386	5889	1661	968	23	48
"Babbov"	1121	10079	2794	2113	35950	2129	42421	40918	10609	2737	363	27	3284	7607	3101	2030	62	188
"Thepar"	490	29058	1221	2506	19316	917	110423	97209	6019	929	138	3	1097	3924	2208	899	26	98
"Plaviv"	1815	63881	6238	5491	102516	3252	231438	185005	30204	4628	1523	423	11317	35657	11415	7688	631	701
"Cyamer"	3321	11258	16156	3966	72841	4187	27057	11672	58310	4291	4783	540	6018	19528	2489	10096	377	1975
"Acacas"	8013	18289	69618	5560	179667	15865	74339	44096	173322	12722	32303	3622	5375	43798	9997	25071	2228	11427
"Polpal"	5196	90176	10943	11931	64572	3645	378533	325848	23280	2879	715	15	6366	14321	7011	3267	72	900
"Dicdis"	813	179983	1614	8953	47010	2283	726062	573680	3615	2173	61	4	6017	9667	5215	1124	31	54
"Enthis"	60	70336	116	3380	41180	172	359889	327658	757	1069	12	2	5667	8020	4569	843	22	3
"Guithe"	9326	66340	50062	15682	430847	13597	173167	79108	228728	26715	19392	2746	16433	105063	23500	50907	4699	3604
"Emihux"	16671	61269	341639	15667	451432	19383	141622	88370	938099	27415	198962	39278	12830	138710	22484	100667	7452	62994
"Phypat"	12080	1501378	52851	136649	1726089	32911	5406631	4029145	244318	69616	10508	697	169844	428455	180834	64525	2259	2888
"Lacsat"	115511	2816547	242946	304716	5326054	118683	10007207	8582617	1074445	265251	28078	2108	512870	1205604	488611	106764	4267	12524
"Sollyc"	31133	2321281	83544	223043	3251578	56232	8514808	6964069	416358	108790	10087	291	333905	746452	306897	76914	7411	4407
"Mimgut"	29578	999630	101537	94659	1193084	19282	4024094	2721335	441840	40233	18030	1313	117265	372716	114943	35587	789	8254
"Citlan"	10931	1256653	35566	95819	1220591	20518	4470771	3623425	150386	51644	7498	378	141297	293939	110591	30416	850	3256
"Cucsat"	10351	788822	37857	64930	770962	13444	2815763	2266728	168960	35614	6808	415	86455	175434	69960	24533	1074	3362
"Linusi"	31599	700200	104173	95750	1152859	27684	2578346	1819546	395065	63684	25305	1182	115688	244797	87954	61407	2006	10266
"Poptri"	29127	1347364	77367	118767	1926875	21561	5362548	4647148	320514	72187	15840	680	196367	446218	165790	72260	2778	4060
"Manesc"	23626	1496780	91312	132048	1803277	31336	5340264	4475646	385127	70426	16076	341	238973	429155	116954	83658	2774	7809
"Jatcur"	22847	1067880	73472	92150	1029126	21655	3909934	2990550	297357	49316	12522	1913	139041	242652	82628	43320	1428	4804
"Riccom"	18747	1144089	89332	116524	1311920	21981	4320025	3530582	308172	47596	31027	2818	150255	311837	109887	52441	2373	8134
"Betnan"	42312	1456649	154703	131300	2139548	43350	5268595	4324747	568959	105240	39521	1867	202063	522336	191608	90845	3676	11237
"Medtru"	30857	1188946	83801	103448	1530598	30804	4471397	3547532	283790	51742	17079	1463	186891	381686	162437	49112	1583	6417
"Lotjap"	12407	418952	37221	50397	615704	13661	1428884	1085519	158468	28647	7083	388	58122	139067	49168	21917	913	4124
"Cajcaj"	25290	1825953	71792	136897	2155852	44942	6628465	5546347	325183	96052	14117	1287	256593	520529	204688	46742	1416	5025
"Glymax"	45175	3177290	123639	287386	4399868	93124	11683539	9209953	584165	190034	23439	940	507024	1046843	367371	108003	3477	9562
"Pruper"	13201	623372	42745	62940	948724	17962	2239196	1539440	180647	46148	9157	346	95153	221176	76923	42305	1406	2305
"Maldom"	48531	2329495	185787	243704	3810012	69830	8421397	6284692	802234	167285	53932	1711	394223	912565	330042	133561	5314	10635
"Fraves"	19481	522951	65094	58546	909278	19451	1818677	1291338	274278	37859	15621	633	98300	218335	78884	43513	1893	5744
"Cansat"	33375	1667653	97898	151750	1948529	44743	6340559	5001896	435147	96068	21804	587	191449	450055	189980	58674	2114	4692
"Vitvin"	34592	1591638	72465	133594	2185884	38431	5521600	4471596	341166	118861	11602	383	223173	444940	164710	60959	2325	3973
"Citsin"	14203	1100770	51434	88656	1186178	26389	4077536	3155127	205456	46330	10912	406	138441	294213	103400	51809	1315	2973
"Euccam"	62853	1988810	264732	204028	2971170	54303	6833608	4400711	949296	152614	76066	1681	292076	655751	212090	102319	3942	20747
"Carpap"	14801	930440	49890	79858	1088193	26356	3342810	2648656	289919	50233	9521	300	121052	260241	93004	42325	2570	2925
"Brarap"	31550	723557	76800	54287	983475	17241	2574904	2499891	307198	42825	12022	556	96631	231140	105877	40716	1092	5711
"Eutpar"	15565	374315	39054	33392	495577	8937	1314728	1105900	159681	23545	6060	320	49779	112836	50130	23791	675	2897
"Aratha"	10885	231160	24771	24929	328647	5881	810607	682593	101340	15333	3149	102	32582	74401	33414	16197	500	2053
"Thecac"	14032	1033809	40429	83824	1343038	24494	3634329	2970951	141431	61988	7696	181	148996	304232	116397	53622	1427	2083
"Gosrai"	40314	3041649	103353	217076	3041277	73775	10664105	8640814	452160	118960	16325	755	342217	763632	303017	64698	1957	5405
"Phodac"	44666	929367	136913	97292	1936343	45117	3219969	2422497	464207	96000	33896	1855	217478	446508	120745	81705	3411	8521
"Setita"	57963	672583	351424	83905	2120646	55613	2374570	1604248	1127806	134682	155308	15023	192744	515611	146867	131412	7814	51387
"Zeamay"	22131	314645	142664	45801	833106	27904	1076945	808570	532214	53656	59801	8660	79747	202607	60415	62125	4134	22624
"Sorbic"	81619	1259109	421793	186192	3533629	84219	4331442	3069783	1521528	224151	160676	15851	348164	824481	256974	194323	10555	60401
"Leeper"	1708	34193	12433	3840	83026	1805	120272	85657	36800	4720	5719	531	8728	22086	6728	5000	240	2495
"Orysat"	55015	851814	371334	82994	1806543	43562	2881142	2136070	1064447	106979	158381	12932	176724	472365	152205	110757	6864	60912
"Bradis"	36023	475255	261112	60443	1451889	35773	1654390	1096328	904876	95380	119898	10515	140797	378581	110235	96163	6555	38513
"Horvul"	213863	3171330	1127086	378149	10976106	223923	10378047	7000414	4189202	668927	431900	22403	953443	2400614	684001	320476	27735	130851
"Triaes"	18221	269480	92009	32090	972725	16117	919001	633211	382720	60653	30112	1776	88347	215873	61670	30201	2073	9784
"Musacu"	31797	909881	113737	124117	1932894	69993	3317638	2574716	481491	84130	30993	3636	206003	433334	152902	83967	3150	13245
"Selmoe"	15357	318078	79128	51425	947644	26009	996043	804479	413772	76264	27288	2505	66114	191020	50294	42239	1448	8693
"Chlrei"	17587	21790	242066	6243	555214	15306	99966	81407	634368	35197	133349	28141	28763	180486	23320	109575	9245	42437
"Volcar"	19475	70941	149745	15067	607446	19256	279542	245982	537421	38144	60718	11198	46849	191088	37442	80014	6072	20059
"Ostluc"	1974	12325	15398	3552	35313	1168	28586	13488	43882	2679	6809	623	1228	7654	1647	1467	42	5565
"Micpus"	3200	8381	32392	2187	41767	2650	18979	18063	121310	2640	16646	6476	1042	8632	2228	4115	130	12822
"Chlvar"	3766	5620	98877	1597	228400	6474	26223	13541	234458	15315	64349	11233	11239	79387	5972	81734	11699	14005
"Cocsub"	4564	48754	46670	8567	376698	5296	167646	68443	133460	14353	23009	4085	37507	134242	16612	66975	4850	4932
"Ast_sp"	2584	15876	35103	3478	480971	6093	67845	28745	93316	22901	18742	1450	24982	160254	18725	194882	26170	2011
"Naegru"	515	138936	1305	16412	118117	2078	554522	291017	5143	3194	158	1	9040	26580	13702	3770	95	31
"Trivag"	4181	761177	13565	85763	629236	7904	2112901	1498886	75681	22961	1829	90	57667	113167	50536	27460	614	341
"Monbre"	5320	22317	37698	3853	228233	6073	79116	34465	106720	16660	14430	1002	10130	53430	10303	17037	1007	3411
"Sal_sp"	4231	9933	34628	3181	330246	4081	44770	20940	88351	12840	14834	1677	19039	135524	24168	32431	2849	4380
"Ampque"	5910	359016	18539	27924	778228	15213	1434803	1175230	69728	25713	3717	175	91181	322830	194627	34521	1014	1152
"Nemvec"	23245	576533	84277	73478	1165051	41970	2016060	1805634	353229	61572	17909	1626	83065	295520	102910	49548	2045	4761
"Acrdig"	29663	1022144	89243	113358	1386141	28131	3379760	2636915	364020	61793	17698	717	115085	331250	110479	77786	2628	4463
"Hydmag"	43587	5043926	112838	218068	2821992	59406	17128365	17847153	456753	91773	26850	921	398950	794414	323061	128831	2885	4206
"Alamos"	206763	3046276	716452	379606	5347827	248760	10227554	9309355	3465306	280543	177097	18457	406939	1365987	454089	318352	12887	54502
"Mnelei"	13865	434643	43286	36642	539617	17793	1407998	1189989	200836	25250	8179	1237	29919	122150	52050	39054	1569	1381
"Schmed"	60563	4649661	154934	279467	2077160	44932	15726137	12121171	757026	80596	25833	1326	251210	476686	202182	62644	1363	4237
"Schman"	26406	984779	82321	156389	1281194	21368	3678340	3172973	296395	67704	16884	146	124183	252899	126468	34987	663	2481
"Closin"	112712	1084961	279068	185468	2046712	60573	3156463	2156454	1078795	91597	39287	1649	167087	512410	156731	132029	5017	15295
"Patmin"	109899	1907578	302441	196336	4027399	140298	6757897	5023766	1081286	176234	64051	3932	333653	1311550	647901	188514	8505	12525
"Lytvar"	71403	2335573	157336	250481	4331661	82074	8348495	6239585	678043	188053	24688	2296	405588	1178030	589288	128599	4745	13591
"Strpur"	92455	1949406	195090	225282	4072941	82455	7543229	6171414	792599	136252	32349	2176	376605	1147221	573602	124821	5465	6121
"Oikdio"	7098	293587	28619	30919	164444	4593	768990	450628	107666	5843	6569	394	12252	38029	11482	11848	276	1666
"Cioint"	10854	272897	25811	22842	435011	8972	1065433	1185414	97088	20113	3778	224	38103	111249	42424	20319	598	1643
"Petmar"	106272	864652	349327	167506	2700228	64510	3677563	3637417	1224656	160000	100986	9083	237998	757959	224818	275840	15140	42914
"Calmil"	32094	1187309	159974	191373	2581512	55497	5311473	4384581	900869	145455	37085	2397	216831	592062	219183	398425	10572	5214
"Leueri"	73176	2431334	368326	379903	6850863	112529	10736140	9396317	1693664	340340	104260	4589	520002	1614168	530974	854238	26241	16581
"Salsal"	246473	2558802	673300	401729	11157800	355793	12347178	12454193	2806100	627879	132300	3879	920902	2762435	997588	953477	49001	28981
"Gadmor"	60937	480688	281923	89040	2659862	56575	2548511	3092534	1157117	145401	85153	5880	247696	763902	231583	254345	18127	18649
"Orenil"	49450	1232379	174081	145361	3725077	53851	4740127	5939676	638807	123542	37580	2163	312273	1071183	377577	525724	31508	9519
"Neobri"	43208	1006906	148243	119145	3091510	45429	3978786	5025503	530584	100594	31951	1657	266069	908263	312848	446117	26251	7941
"Mayzeb"	38844	1455695	170573	218948	3546899	66694	6397106	7103855	752350	140245	50578	2339	332923	943953	318755	474063	26833	9278
"Hapbur"	43890	1032973	150765	123137	3173409	46582	4031482	5067693	544671	103969	32076	1769	273247	927163	316874	451891	26315	8069
"Labfue"	7272	97522	25060	13121	298724	7947	373268	459750	102460	11388	5468	363	22318	86378	28545	46933	2592	1116
"Mchcon"	6430	102552	22680	13374	311838	7738	391903	483872	94098	11617	4946	387	24361	90732	30166	48704	2804	1093
"Melaur"	5652	94459	19811	12066	295449	7037	363357	449875	76077	10553	4479	315	23133	85748	28898	46469	2580	932
"Rhaeso"	8012	100650	27507	13948	294716	8521	383500	461842	115468	11950	5940	363	21890	84697	28147	45333	2338	1203
"Punnye"	45439	1027874	154428	122811	3173630	47328	4005741	5036797	555858	104870	32636	2071	271859	925175	315947	452876	26217	8090
"Diclab"	4632	122520	18602	15757	447980	6039	577026	704831	71626	17258	4691	197	38791	127663	45269	60272	3039	1067
"Tetnig"	31407	354850	166534	53593	1164318	24893	1345514	1604433	672923	56581	55197	4696	78555	331143	105154	259027	18482	16958
"Takrub"	32269	416565	145444	69713	1438348	28472	1642249	2005945	597838	65401	43802	3644	97571	387920	133387	269873	18649	13357
"Gasacu"	47297	424995	234978	75285	1872834	34862	2077881	2589866	904023	75421	72609	4904	146190	527746	189519	295200	20586	18246
"Xipmac"	36578	1196615	147395	104024	2738765	37366	4699254	5273751	589538	94843	38249	2465	243366	763066	284900	421561	22740	8513
"Orylat"	50957	1184059	190643	136745	3121700	44298	4365264	5142792	788642	141853	49013	3415	261653	831069	314999	504786	27178	11655
"Danrer"	80453	2454072	292918	228570	5985385	77797	11138641	13176189	1172765	171085	58546	4378	664503	1919065	617011	540398	26490	17025
"Lepocu"	38844	1455695	170573	218948	3546899	66694	6397106	7103855	752350	140245	50578	2339	332923	943953	318755	474063	26833	9278
"Xentro"	58116	2359023	274092	308511	5417670	191231	9595641	9482146	1214709	302748	82153	2101	484117	1445708	503437	676676	36466	35237
"Tupbel"	45900	4070623	280500	491628	12017767	172412	13680993	14361225	2088747	677901	114709	4659	799861	3381062	922930	857385	55653	11269
"Macfas"	46440	5215157	256434	679749	11553189	231825	18438980	16653418	1832028	607447	89830	5297	772691	2499132	875434	1054546	60840	10039
"Papanu"	57945	5644574	307970	747331	12606464	261907	20220929	17861680	2414762	673237	110834	9358	822322	2737421	955977	1159889	67456	12990
"Nomleu"	48147	5558551	272931	735006	12296527	251381	19597546	17316195	2037648	655957	101483	6987	808847	2668070	913499	1154733	65197	11681
"Gorgor"	54302	5660041	295691	770613	14385896	249499	19729403	17653813	1962947	677968	104293	7127	872252	2813821	975132	1143340	67436	12303
"Homsap"	48382	5713016	294067	717038	12954485	262263	20323958	18030673	2149603	689639	110835	7881	838992	2797234	969929	1186489	68762	13032
"Pantro"	49839	5781530	293827	742082	13022912	260018	20443273	18117045	2112030	686999	109418	7871	845750	2803386	974665	1176522	68074	12920
"Ponabe"	54361	6326352	314589	794930	14047564	289806	22271582	19576433	2209855	743994	118662	7710	923734	3040286	1065086	1276290	71534	13399
"Caljac"	48151	5627601	302364	709233	12928925	262060	19842789	17399415	1846769	677215	115008	6898	813121	2852083	968279	1137462	66900	11957
"Saibol"	44243	5044332	266918	639227	11487336	227240	17754193	16036978	1743409	593423	96543	5888	745637	2551291	865941	1042909	61999	10936
"Tarsyr"	60291	6384698	274078	1267445	11917353	280535	21167097	18636135	2284343	610919	89705	6660	832393	2798832	902587	965807	66788	11589
"Daumad"	51892	6633755	250899	788610	11934939	259673	22088773	20406806	1442219	700974	79413	2301	904021	2715688	990400	1071775	75383	9318
"Otogar"	45120	4834755	331475	620747	9454891	228194	16458228	15482888	1699060	701699	120241	5706	624836	2061046	784730	909338	68507	11199
"Orycun"	101180	4841373	1300175	677688	10641128	265917	15894864	15449479	4523413	841310	796557	14845	801977	2109112	674742	1368225	93618	29188
"Ochpri"	73739	3500880	447319	506092	9101658	195948	11415090	10940331	2193494	572916	117098	9934	673061	2089019	656105	991879	80120	14034
"Musmus"	44767	3824889	211110	596296	10942164	242930	13164157	13188185	1242659	686418	64977	3638	802802	2680331	868512	859919	51583	9333
"Ratnor"	58490	4375426	260856	738865	12129458	273629	14822158	14484874	1619822	724205	76423	4470	850986	2959213	985227	944130	56614	12131
"Crigri"	37278	4078578	184765	647076	11714785	250171	14099132	13742170	1016895	728413	54379	1684	822681	2798165	937170	836838	57300	6879
"Micoch"	53614	3624758	254381	566073	9981769	241734	12250541	12562043	1473493	617911	77191	4197	707737	2462632	757011	875544	68337	10659
"Spetri"	36562	5356256	219892	644511	9953167	239069	17712098	16146480	1326112	570002	81893	4638	784983	2357409	785478	883916	70925	9872
"Dipord"	44143	3195442	253661	513912	7557930	161204	11181307	9989306	1658927	429212	99888	5933	658326	1687521	526457	540543	37093	30979
"Jacjac"	38779	4963645	220650	1019638	13285136	278563	15475373	15387183	1453059	741173	82945	5336	1192194	3650970	1057944	822349	50533	11302
"Hetgla"	38674	5348930	235577	606921	9899796	410522	17144671	15320416	1698905	587542	90823	6601	726700	2193085	802460	936836	67286	11692
"Cavpor"	60325	6121477	289393	740499	11749043	361183	19240464	17314544	1667055	640856	104226	6983	858580	2580207	892886	1172872	79317	14265
"Octdeg"	45252	5251427	359281	650826	11218971	272078	17114419	15524338	1979894	584943	176500	8030	755169	2729911	790487	1153361	81119	19055
"Chilan"	50438	4923528	312289	582383	9851377	363302	15714737	14318587	2000556	555961	121068	8505	705596	2289231	768070	999522	66988	15084
"Chohof"	36496	5261963	180867	1013489	8388343	219386	16651976	14425930	1058191	608696	56475	2948	666202	1739989	614390	703795	37593	6353
"Dasnov"	57468	7234093	471237	940465	14059949	308910	23804784	22002093	2744024	941526	215907	24294	1004349	2708394	933759	1199308	84954	26576
"Equcab"	64348	5110637	463095	670181	10030216	211560	16716213	15638921	2491013	596755	211095	7623	677124	2277740	719665	943073	67855	13338
"Cersim"	49285	5122384	481216	638996	9420517	194285	17024987	15907980	2263225	555754	257092	8665	665521	2026801	717589	853424	61020	14227
"Sorara"	58554	4332241	422845	507862	9154007	224130	14527004	12729844	3201876	544302	181025	19223	661627	2269225	638572	806520	68103	22281
"Concri"	39669	3452957	309305	438642	7005618	133764	11465769	11570188	1679441	377152	137047	11599	640844	1498885	557023	768975	52998	17155
"Erieur"	66219	3918338	379650	520778	9384352	162413	14293384	14682923	2033982	456138	94173	6017	625215	2193993	867781	2151143	612733	12695
"Susscr"	5583	488641	39878	66974	1040820	24706	1575652	1595417	210649	70577	16237	593	70558	220017	74609	129882	7873	1343
"Vicpac"	40635	4822112	283261	1009483	8165466	169253	14683727	13502289	1324441	436570	71077	4025	701490	2133674	686339	740635	99902	9781
"Camfer"	47191	4194024	295375	553218	7790369	198666	13766614	13527633	1643502	444077	112139	5863	575348	1817366	617926	852737	66645	13864
"Turtru"	60194	4712459	344715	637864	9460508	248291	15714635	15343696	2426534	700898	130416	9066	651606	2315214	705140	932556	62685	15358
"Oviari"	48676	5086451	274201	807134	12164305	203886	16016685	15212323	1776704	1439132	103219	6818	762896	2278123	754299	1382313	66162	13924
"Bostau"	58795	6502432	347100	1021325	15768953	261135	20484930	19297639	2284894	1950929	135461	10013	1002382	2859247	987135	1807626	77723	17226
"Ptevam"	50839	4202765	296393	530225	7149986	168259	13967867	13387165	1627958	402877	114755	9671	572449	1622232	595772	657619	43200	16728
"Myodav"	133375	3541225	540107	446562	8013828	161252	12399781	12042843	2508219	500532	192954	7401	596547	2055757	581946	809842	83312	18660
"Eptfus"	111059	3432139	564476	433481	7574748	156604	12006032	11528391	2677081	471438	231920	17268	581700	1934955	554127	804647	116544	23730
"Felcat"	67210	4786776	383524	647393	10015125	209571	15515503	15936958	2230836	510354	135423	8564	655073	1978817	701120	731687	55915	17190
"Ailmel"	59073	4630195	348136	618419	9235266	202890	15084055	15358106	2099503	515931	126102	7194	632494	1937303	658435	777099	62433	15142
"Musput"	60134	4764829	367605	633001	9867926	218701	15354958	16143422	2103612	551278	144084	10019	632507	1937961	691322	745519	57402	18244
"Canlup"	50375	4830484	314697	604132	10553430	229056	16090783	16085254	2520640	550069	128822	13178	695742	2062094	697251	881966	99359	17518
"Chrasi"	61166	6086850	235695	873701	15091514	346368	21758081	20697998	1241197	1324945	63441	3683	1355758	3054623	1261075	883413	46079	9864
"Procap"	58943	4565547	250173	687428	10050186	238719	15159635	14363614	1402089	644419	78372	4892	699476	2294684	881448	903341	51771	13462
"Echtel"	91122	4186455	448441	676658	11817060	246679	15602354	14086759	2403997	844003	149605	6332	891610	2603159	857939	986697	80735	20793
"Eleedw"	84945	5978821	279837	753236	13952970	332023	22611016	19830214	1451561	1303498	75932	5370	1254279	3079391	1113756	1267267	57681	12450
"Oryafe"	51425	6644834	234055	938044	14651170	273613	23307564	19815800	1257480	1234118	76957	5196	1160613	2871875	990705	1086734	55416	10571
"Loxafr"	79488	6353222	323766	893134	12574154	299082	21143650	19166490	1823882	1054688	96227	5514	948061	2556502	971119	1036147	60296	12897
"Triman"	68805	5655518	293074	780476	11298528	229121	18729467	17449743	1658250	861578	98754	6323	841433	2374550	913216	941497	57310	14004
"Mondom"	30812	8597395	167575	1280045	12623034	284621	30505199	25958314	1113073	741008	69176	3578	996690	2556556	1120394	617950	33019	7008
"Maceug"	24162	5916843	101848	875954	10420518	239715	19605311	16886136	693266	562018	31233	4751	805904	2187724	869679	582386	30737	4465
"Sarhar"	25939	7881506	149057	1079415	10087810	215639	27779542	23166560	982760	477434	56028	2890	947106	2160580	1015439	510750	28642	5298
"Ornana"	83436	2363709	469986	404694	5967272	145634	9105978	10203780	3556444	351635	159648	8158	331754	1027088	354405	540025	32291	20813
"Pelsin"	94642	3251035	498452	439912	9460919	207821	12192232	12260514	2965239	654967	194192	8419	652232	2262713	580263	1313971	79807	22323
"Chrpic"	95719	3475991	537917	518692	9293452	230723	12736894	12756043	2641188	617633	196402	10128	694629	2177322	608176	1351349	75195	26602
"Anocar"	44676	3045325	373807	480715	7849943	164388	11721986	10561773	1600760	491172	209751	6620	612003	1652504	530164	615704	26130	8495
"Pytmol"	23448	2247742	102518	373201	4982168	96227	8662766	8218588	501245	285148	30102	1588	487660	1173268	364903	512051	23528	4298
"Melund"	27303	1823542	116666	258679	5144573	110343	6631778	7011532	535116	350674	35277	3473	405089	1202822	355683	786208	39703	7248
"Ficalb"	17062	2264325	113877	310128	4388428	95321	7506464	6693997	712731	335132	44864	5766	336287	957327	284938	863721	56074	9221
"Taegut"	20514	2678003	140599	352635	5199781	108080	8936153	7975264	825170	392189	57307	7833	394762	1137185	356296	951080	63451	11668
"Geofor"	14432	2251685	85301	301795	4512839	92271	7478206	6659061	527147	349269	31496	2849	338052	975079	297394	840841	54909	6136
"Galgal"	25054	1598430	124968	234043	3999351	82460	5704019	5689977	637837	238920	47244	7394	356979	949581	250582	735707	40150	8910
"Melgal"	18098	1777990	78036	245988	3958937	72361	6233559	6005022	386306	213190	25004	2067	366880	959573	258532	706706	36802	4799
"Allmis"	72271	3050691	344887	411246	10745921	249215	11734319	12039988	1745900	736516	123513	6776	864828	2793937	723736	1571886	109738	20215
"Latcha"	73100	4297953	303920	402211	9191361	230049	14672236	15850100	1687083	545515	94219	3555	824809	2354982	683514	921106	48963	11780
"Braflo"	65279	894817	187507	108543	2418882	77304	3039317	2465589	728274	114289	43804	2522	177034	738839	361897	175430	9609	13103
"Sackow"	55722	1526634	134517	171221	3398980	64078	6475683	4710230	496874	137946	17402	1314	371337	1068590	494326	108830	2317	8654
"Aplcal"	40536	1247362	135165	122741	2150454	58088	4081692	3554619	665327	79032	28875	3372	152546	614646	250228	139844	4764	6934
"Lotgig"	17263	1006887	34420	91762	1078663	23100	3476766	2825622	159362	36830	3458	111	84497	263653	135769	36190	1121	747
"Pinfuc"	92459	4089972	195889	338788	5351818	120925	11634296	8290926	921632	174660	31848	2983	509338	1856643	1058748	128719	5582	7727
"Cragig"	51497	1714897	92257	146668	2181704	39999	5883553	5253602	396813	63997	8462	558	270360	765879	424284	75080	2754	4044
"Captel"	24220	586965	78462	93128	1393752	16450	2526080	1696450	342756	58512	16155	1215	173904	394655	132314	78006	3968	4330
"Helrob"	10605	761134	37353	44448	686119	9686	2759403	2253910	130134	17607	8567	203	96431	214256	70595	33481	647	1509
"Menmol"	10928	970955	28569	48412	345313	8029	2892303	2528527	106890	8798	5101	437	39790	103927	52884	11383	290	1390
"Tricas"	13939	745507	51176	43404	319318	11301	2455619	1852061	210168	12000	10276	784	32056	86406	36366	17888	724	2908
"Linhum"	23066	743860	111376	64864	516538	11545	2717961	2061224	381592	13485	34031	3443	82807	166091	57114	31053	874	12480
"Camflo"	18923	892972	77263	66487	570841	11941	3282184	2568947	300418	13311	20508	2408	93678	179380	72891	22038	757	6910
"Solinv"	32365	1339019	145467	99940	861564	23896	4757271	3872772	547940	28375	41885	4719	116510	261934	102624	44808	1373	14340
"Acrech"	21404	1150686	81983	93750	768377	14910	4204854	3351336	308331	19495	19449	1992	111095	218687	87369	33339	969	6796
"Attcep"	18842	1207696	71232	95323	777015	12964	4385700	3466261	270962	18918	16763	1742	113539	219475	86547	31923	915	5789
"Pogbar"	21120	800503	93864	70630	546723	12692	2902472	2254928	345876	15280	26829	3075	78575	164828	62276	24818	786	9617
"Harsal"	34558	699002	233723	89054	652372	18864	2351809	1703631	796220	21319	91661	12898	69391	199479	68489	41912	1685	30371
"Megrot"	62208	613093	244523	62307	1035441	35165	2163094	1663569	911897	42271	60908	4272	100316	278055	72353	80911	3534	17286
"Bomter"	29029	839166	95210	89447	519901	15882	2776707	2044516	314255	22013	19687	1576	66968	139800	55344	28128	1047	6879
"Apimel"	22301	1189260	76405	92060	376449	7113	3883237	2788582	262482	13923	18382	1938	62712	94654	37837	12667	484	5220
"Nasvit"	19831	683677	121566	72858	549197	15083	2201333	1621495	439047	16789	45391	4911	75374	164068	45060	88801	2054	13746
"Dromel"	8793	323165	61841	35738	393619	8588	1221086	978648	244336	23883	25874	1309	43872	109141	29618	47038	1940	5218
"Lutlon"	4146	786669	22710	58105	387650	9116	2284618	1501276	162605	19454	8128	183	41904	74104	23702	22398	995	1445
"Phlpap"	48029	2019358	81719	145845	876339	22527	5617686	3678388	390215	37775	8832	207	88697	172843	73243	48045	1239	7348
"Anogam"	62208	613093	244523	62307	1035441	35165	2163094	1663569	911897	42271	60908	4272	100316	278055	72353	80911	3534	17286
"Culqui"	62208	613093	244523	62307	1035441	35165	2163094	1663569	911897	42271	60908	4272	100316	278055	72353	80911	3534	17286
"Aedaeg"	154096	5476433	454428	711515	4446671	148914	14414067	8402335	2130254	186143	97719	2919	402211	1043538	366292	238634	12812	25914
"Maydes"	12791	758654	42450	82488	487446	6809	2304061	1129823	139974	16010	8245	395	88867	114169	39451	10224	282	1867
"Helmel"	17096	890281	59196	100008	605966	27074	3478729	3407874	205382	17664	16573	2078	65300	182598	82521	25192	952	4729
"Danple"	19289	897031	68370	67738	661278	16723	3505209	3645188	240209	21866	16789	1659	64697	179555	90844	26351	815	4466
"Bommor"	73353	1140768	193172	104212	1103064	144697	4451263	4168892	756898	60265	39513	4775	124287	284426	125290	52151	1824	21464
"Mansex"	40872	1104735	162367	92192	1096427	40552	4504910	4126777	519940	33176	53426	4107	115045	290101	118002	57509	1758	11928
"Acypis"	51630	1822247	141642	122588	1141011	118998	7495016	6813177	496593	41203	25554	3400	171324	306942	136038	96357	3092	10051
"Rhopro"	28653	2137705	102239	172376	1239135	42913	7257180	6474523	530726	42672	32987	902	127215	292512	120099	92849	2923	3618
"Pedhum"	8460	722639	16628	27104	151193	6112	1954619	1667752	110492	4313	1938	232	17517	36317	16291	3582	151	722
"Dappul"	17386	483328	76609	56843	455607	11126	1471502	997148	312398	24616	24017	1784	32885	105192	42798	30373	1186	5003
"Lepsal"	39009	2927482	86130	186435	2173493	44007	11173409	9205929	421967	91089	10802	303	239563	444007	204922	83331	2795	3063
"Strmar"	19003	724818	50864	54094	559961	21803	2357872	1714419	204559	23505	8664	1592	60913	153244	58946	32681	908	2105
"Teturt"	5347	294945	11136	20137	292244	3461	1287200	997691	38029	9451	744	42	23087	40147	20484	6090	175	321
"Vardes"	31915	514121	133117	63227	899107	31270	1962857	1783074	396079	31903	35610	3134	89321	257145	85472	67709	2353	7605
"Metocc"	23447	276877	117392	95263	509641	15854	656448	194369	615553	31554	39343	3533	30700	93746	21136	35807	1785	10646
"Ixosca"	273590	3279409	1226499	417055	6366985	215842	10809035	9028557	4378897	288461	338831	39296	504852	1823402	455707	581540	20159	117003
"Caeele"	6944	617001	29852	41350	249487	6648	1565603	738702	144007	9180	5765	349	21792	59702	23141	12142	280	1578
"Hetbac"	4111	239566	11478	24122	213434	4811	903183	773713	45717	7060	1953	126	28377	50734	19248	10042	227	419
"Strrat"	4205	287259	16327	7665	109890	2695	996220	945629	54580	3517	1702	157	12374	23953	12232	3600	174	1316
"Pripac"	13486	298176	48755	58980	421253	12668	1076554	480040	221449	17233	12133	1249	38540	88174	24062	35504	1865	2851
"Ascsuu"	20385	986844	61197	104866	779780	15157	2707700	1686763	232998	19452	11664	817	134511	196448	46951	61098	1173	2872
"Brumal"	5967	470743	11721	30579	243415	7706	1498436	1085131	54472	5648	1113	37	41034	57025	17982	15958	439	404
"Wucban"	5247	467665	10041	29754	198838	4649	1473177	1009836	47712	4279	840	46	38199	51088	16642	10525	175	341
"Loaloa"	6395	470050	12622	34966	237201	5888	1466161	972238	63891	5872	1141	44	39370	57849	19138	11829	221	397
"Oncvol"	1536	137207	4179	11069	77815	1392	413277	259888	17875	1936	756	44	11546	18581	5516	3879	100	159
"Melinc"	6201	612426	17150	24388	125941	6862	1680512	1270092	104591	5123	3606	173	12582	31637	13436	6403	241	421
"Hetgly"	9430	561453	39278	32148	173601	6745	1538951	840796	172412	12410	11340	741	20557	37383	11441	7898	217	4586
"Burxyl"	7661	342095	33826	26335	204422	5712	826590	351969	164107	11610	10997	583	13250	43913	17163	10870	364	1603
"Trispi"	5122	288918	21107	18808	179417	2494	915273	520775	61537	4482	5507	228	31164	54300	14953	11939	212	1502
"Triadh"	7323	294488	16879	24550	306906	6674	1275676	1020262	49601	11101	2170	66	36792	66359	23153	17414	346	429
"Capowc"	2456	19390	21145	4383	113776	2120	61491	19698	61236	6363	8731	1134	6215	29400	5265	15576	508	2195
"Gonpro"	6826	49383	32783	12257	176173	8051	162363	69700	140717	11545	9402	905	9030	39489	11015	16845	1674	3963
"Batden"	1138	38027	3496	7294	127075	1417	153236	102238	12705	4598	500	19	16903	30813	9367	7551	109	122
"Hompol"	1291	9424	10977	4436	131162	1373	35570	21350	26069	7077	4336	445	13138	33298	5486	18992	401	703
"Spipun"	3575	25647	13362	6169	108626	3985	92410	54935	51663	6390	2942	258	8074	26392	7225	7124	311	892
"Pir_sp"	2757	186478	4777	10899	71411	2873	807154	774916	14466	3912	129	6	7485	11520	6070	1214	28	159
"Allmac"	12783	21459	106093	6037	261333	11146	79746	21526	281037	28377	44604	10371	8144	53540	8511	23975	1383	13758
"Catang"	4845	14102	37508	4595	213347	5073	65525	19665	106050	18157	15811	3246	10818	48987	10976	9398	425	3531
"Concor"	885	152941	2120	8151	49790	1616	602363	616788	7641	1725	193	4	6959	10923	4219	2840	88	70
"Phybla"	3294	91500	10709	12915	168413	4966	418682	351748	40998	8610	1709	59	16985	44603	16629	8042	223	453
"Muccir"	1916	56604	7017	9315	201553	5858	206428	116403	21544	11552	1493	83	15430	49243	16609	8816	161	371
"Coerev"	1803	25672	10270	3722	83278	2140	105794	92511	30941	4653	3270	326	7390	26047	6675	10216	255	1059
"Morelo"	5220	25415	20406	6683	203293	7259	131579	88587	73997	16108	4557	304	12495	41349	10950	14184	905	1787
"Vavcul"	1360	12350	2996	973	25367	772	47407	35432	7274	870	297	5	2548	7325	2128	1450	52	103
"Hamtva"	675	81749	1262	4822	25505	440	229381	195153	5548	671	101	1	3450	6207	2832	595	13	31
"Edhaed"	1320	367570	2518	13315	98547	947	1058661	855001	10086	1385	193	7	19877	26980	13578	1850	24	68
"Nempar"	164	8901	727	1143	12208	141	37729	35231	3122	587	186	6	2382	3680	808	1243	31	24
"Annalg"	300	79225	786	4524	30025	654	271297	266795	4116	1118	119	6	5458	6277	2953	964	23	23
"Enccun"	100	1880	537	501	9760	161	5210	4932	4488	720	167	4	976	2248	519	1173	45	29
"Entbie"	191	16048	927	1022	12257	129	55231	41826	5302	755	300	18	1726	2760	913	580	28	80
"Noscer"	219	48234	594	1348	15531	243	150196	151191	2390	337	64	0	2488	5024	2430	512	12	18
"Vitcor"	91	8779	444	844	10498	131	26094	24942	1699	537	87	0	1564	2986	766	783	21	24
"Sphste"	14036	184712	53606	39222	523239	15641	672281	457538	217136	30948	13287	869	45227	115581	34807	37014	2226	4051
"Jaaarg"	5402	43453	19859	12031	166631	6613	139848	60468	83775	12203	4407	252	10056	31355	8884	11096	648	1749
"Agabis"	4664	44061	16343	9459	123426	4078	141313	76175	67583	7190	3482	288	8018	24948	7757	6683	327	1223
"Hypsub"	5400	58131	35025	12317	197428	6542	192475	90215	131351	12159	13191	1365	14447	50433	12015	18039	1068	5676
"Galmar"	7584	96501	31849	18382	217252	8214	292635	165859	126638	14519	8326	464	13366	45458	12339	17087	1095	2694
"Amamus"	4999	42338	18248	9929	160476	4958	142678	79430	71743	9377	4106	307	11055	35007	10149	11297	527	1331
"Ompole"	3978	37613	14063	9264	111055	4235	118293	51251	56918	5607	3079	162	7826	23926	6810	9163	416	1150
"Pleost"	4072	29714	19239	9304	141877	5236	101972	51044	83232	9819	5633	464	8997	30558	7997	9800	517	2038
"Gymlux"	7582	112604	27062	21341	258672	8957	355442	183067	115622	14387	5801	307	22112	56126	16283	23396	1013	1776
"Lacbic"	9661	91496	25776	17027	262853	7708	278997	136943	100777	18197	5433	374	16867	54901	16247	16904	1311	1643
"Plicri"	5520	28121	27205	6625	142083	4822	88536	40059	103430	8210	8474	918	10061	37825	7771	13667	787	3745
"Monper"	4476	32555	15101	7896	108608	5136	102406	55058	63711	6663	3140	183	7055	22570	6549	7313	378	1106
"Copcin"	5764	32343	22033	11218	131697	6840	105279	58224	92551	11047	4850	333	6670	25360	6725	9985	630	2226
"Schcom"	5142	17964	38139	6016	163663	5533	57990	22348	134735	9711	14641	1153	8086	40525	7187	16599	1082	5581
"Hebcyl"	5209	58863	18618	13422	147533	5189	172216	84892	82125	10990	4300	375	9800	28785	7616	9100	570	1789
"Pilcro"	5576	79606	21818	13278	243679	7241	270165	143375	92388	14993	5022	358	18973	55736	15936	17016	810	1520
"Sclcit"	6935	49621	20946	13048	290311	8281	171055	91501	90208	19538	4369	282	19691	66253	17548	21282	1161	1751
"Pismic"	6643	44251	21605	10709	270033	8345	146400	71235	89475	16826	4141	287	18558	62670	16563	20377	1152	1708
"Serlac"	5006	49720	15691	9198	194865	5370	177289	107535	62649	13187	2734	159	13102	42263	13861	14182	612	1112
"Conput"	6127	26959	31239	6883	196461	6148	95178	64819	117645	11750	9806	752	12778	47703	11429	14649	764	4031
"Paxrub"	3481	54516	12626	13020	310836	7965	182311	87796	71073	21906	2671	243	21565	67545	19633	20235	1149	1045
"Hydpin"	5167	29642	19881	7558	157049	5791	98885	55990	83167	9875	4771	332	9504	35033	9031	12549	674	1934
"Suilut"	4144	45339	15040	9931	186880	5149	149102	79196	61852	10166	3443	277	13763	42424	10718	14333	838	1186
"Aurdel"	10881	36626	90245	11563	296253	10308	116947	54419	329771	18274	37994	5170	14935	77565	12006	35989	2373	13828
"Glotra"	5984	23131	29162	7199	149624	6432	82762	44203	121998	9719	8911	515	9756	35055	7893	15490	931	3393
"Hetirr"	3752	27880	22212	6479	149707	4035	95794	46667	84172	8699	7812	932	9927	34440	7708	11287	706	2993
"Stehir"	7342	34411	29709	9736	190196	6183	112278	51974	118570	11794	7366	505	12078	40268	9966	12476	615	3307
"Tulcal"	9076	52327	38025	14461	184533	8774	164997	97845	161973	13741	9616	679	10334	38585	9283	13991	831	3194
"Botbot"	5889	44156	33938	9708	186222	6530	134461	76958	137283	13502	11346	1096	11996	43248	9045	15022	827	4200
"Sebver"	5162	38349	23475	9690	136227	5868	130346	72762	85128	8806	6117	364	9961	29747	7390	7610	368	1719
"Pirind"	3660	21418	15605	5857	97242	3579	73337	29508	56973	7221	4081	260	6458	20723	4815	6933	288	1236
"Fommed"	3167	67183	11912	14381	174090	4592	308747	280403	60755	5757	2707	261	17178	50700	19377	11577	432	814
"Phlgig"	4513	19428	26387	5283	132497	4988	64531	32912	93802	8014	9648	1443	7240	33043	7359	13541	867	3805
"Fibrad"	3785	26982	18372	6755	133132	3594	92140	41564	74756	7035	5641	598	9232	32455	7483	11548	586	1970
"Dicsqu"	6321	17810	33739	5946	184387	6918	65489	27809	141543	11065	10817	1321	10199	44818	9635	16472	1059	3673
"Ganluc"	7523	22013	40498	7177	191288	7374	73436	46159	172437	13395	13347	1899	10662	45796	9760	15672	1070	4630
"Wolcoc"	7376	31119	37038	8503	266237	7808	125743	68093	133804	13749	11735	1448	19324	70181	16965	22036	1242	4402
"Traver"	7343	18566	44189	5942	190891	7790	61066	32399	181544	11408	15743	2593	10273	51822	10275	19942	1387	6172
"Pospla"	11110	39790	60966	12330	342246	11068	154460	73502	221935	18192	20154	2315	21447	87320	17679	30929	1912	6239
"Fompin"	6639	16613	36466	5734	194015	7197	62967	27343	144706	11153	11949	1547	12002	49368	9529	17804	1198	4611
"Cersub"	5802	27392	30080	7875	182615	5979	95876	36351	126502	9165	9757	1083	12426	48020	10695	17209	1099	3581
"Bjeadu"	6059	29255	33057	8611	172055	6739	94773	37594	130422	11265	10953	1357	8583	41086	9665	15082	933	4117
"Punstr"	6737	18032	36545	6079	153022	5689	59419	29874	139244	9544	12058	873	9641	36491	7143	11558	769	5009
"Phlbre"	6971	35079	32822	9456	218927	6915	123100	66099	122854	11135	9917	1006	14687	56773	12669	22789	1259	3732
"Phacar"	6873	30507	38189	7325	204712	6807	104213	64250	134559	11084	12889	1285	11771	54868	11640	20653	1220	4363
"Triasa"	4083	5906	34290	2239	115571	3779	22313	17038	111478	7707	14476	1417	6698	29650	4730	12204	792	4647
"Crygat"	2581	16026	10987	3481	69127	2634	59990	40022	36354	4199	2606	184	4937	14891	4149	4489	212	869
"Tremes"	4305	29672	12367	7773	119438	4482	101297	43092	52975	6395	1814	106	6691	23895	9362	4834	282	906
"Dac_sp"	4405	17358	19936	5326	137501	4266	65230	32650	82572	7479	5468	315	8380	33708	7619	11060	655	1832
"Walseb"	1046	17342	2639	3201	25923	1188	71788	50320	7865	1208	267	27	2589	5829	1794	1946	56	217
"Usthor"	2757	10787	13823	3211	84838	2627	37490	18117	40777	4869	3769	170	5297	20830	4357	8834	301	1204
"Malglo"	931	7374	6609	1799	61901	925	23313	9859	18626	3320	2456	194	4880	17996	3304	3224	150	676
"Mixosm"	1883	6399	14518	2039	63463	1372	22772	4634	38897	2741	5732	283	3830	16696	2333	8354	359	1093
"Rhotor"	3312	3229	26150	1494	52791	2248	11682	5196	75413	2472	11007	733	1437	14677	1894	8466	610	3009
"Rhoglu"	3196	3098	25825	1397	52703	2311	11828	6105	73962	2484	10765	739	1361	14811	1953	8257	588	2996
"Sporos"	4351	16819	13565	6246	40645	4421	43056	7569	60972	1696	2547	172	1195	8256	2247	4868	179	952
"Micvio"	5081	17170	26690	5042	85950	4036	58286	24386	90667	5422	8410	594	3642	19539	4240	7137	381	3186
"Pucgra"	11181	179377	42433	29250	316747	16812	563039	300662	167099	17476	10624	360	21616	71575	29401	17388	1377	2757
"Mellar"	11442	204257	32616	33598	373270	11592	692671	382570	134061	16023	5700	404	24591	80107	34556	15256	776	2175
"Croque"	4945	110345	15455	16394	254707	6836	384635	234432	60708	12672	2952	136	14511	62376	25332	10552	461	962
"Schjap"	1682	17498	6009	3669	38125	1254	70894	54187	19354	2065	1218	65	3074	9504	2774	2778	75	391
"Saicom"	2798	8948	12298	2976	53277	2786	31165	18748	43715	3585	3198	232	2497	11062	2725	3122	100	1551
"Tapdef"	2075	15263	9528	4042	61683	2121	53996	13547	36159	3695	2731	126	3442	12829	3470	5830	308	666
"Thelan"	3061	19877	20469	5782	87897	2954	65172	27276	81128	6715	7427	725	4915	17764	3572	8180	468	2017
"Mel_sp"	7203	65793	53483	11407	222995	9331	347538	414288	197563	17404	21799	1608	10917	49373	10917	22826	1816	5384
"Conapo"	3924	16866	29177	4626	110712	4049	66758	74927	98979	7472	10962	1022	5272	25171	4803	11947	562	2856
"Artoli"	6714	72954	25847	15057	141110	7803	237666	178354	101407	9663	6095	310	16453	34397	9631	10279	582	1753
"Tubmel"	32406	145974	75775	34620	502319	25037	570497	434560	282340	30722	11565	496	25815	102135	35284	29305	1960	3776
"Dalesc"	5127	43902	24989	9382	130019	12469	167684	144827	97726	7953	7282	529	9463	31074	9973	7808	377	2072
"Hyp_sp"	5458	82217	26539	10644	152313	10999	422444	596072	100888	9595	8165	554	10028	36619	12832	9003	513	2039
"Colglo"	7944	38855	57852	11093	259392	9728	136246	69151	201719	18510	22406	1569	11782	56134	12075	22487	1219	6358
"Glogra"	7004	30493	51185	7427	192168	9634	168633	235925	174538	14560	21056	1515	9004	42308	9419	15099	1004	5404
"Verdah"	3950	16270	38475	5298	175342	7945	60722	38053	116170	13884	18473	1496	6435	36498	8690	13907	948	4586
"Acralc"	11959	32858	61098	9503	121742	10802	172982	397043	228084	11602	21246	1514	4909	24142	6043	8357	694	4469
"Fusoxy"	6656	52780	34449	13671	269930	9465	213780	154724	128728	18219	10203	597	16362	54083	13714	18991	881	2406
"Gibmon"	4291	33700	22368	9128	196809	7219	138343	95546	83881	13235	6378	371	11248	38612	9572	13170	556	1677
"Nechae"	6213	32655	38467	9365	246407	8079	146083	133963	143442	19738	13379	819	11423	46267	11496	15647	932	3067
"Triree"	3506	18317	34189	4930	162383	6901	77916	68721	112977	12232	15307	1156	8326	37884	9549	16422	893	3345
"Cormil"	3753	24860	38794	5205	141395	6648	106320	115906	112073	11662	18979	2324	6240	30627	7209	12928	853	5052
"Beabas"	3656	30159	33910	6488	159136	5943	114843	75422	99845	11669	15477	1708	8316	36010	8249	14303	759	3888
"Metacr"	4559	36876	32815	8211	192166	6186	148105	130876	115508	15082	12822	923	9856	42499	11693	12544	688	2698
"Neogan"	2677	30041	19733	6193	135686	3580	139246	137139	70633	10020	7847	553	7963	30453	9453	7888	434	1716
"Peripo"	3757	33865	25340	8585	182329	4696	127346	55944	90382	12420	9380	696	10522	38644	8945	12589	610	2100
"Acitak"	3469	76278	31746	9942	167531	7070	360686	692572	121348	12341	13560	1311	12225	41357	9812	14491	844	2980
"Clafus"	3206	92501	25409	11774	160987	5347	433788	737551	88460	11035	10808	915	10270	39024	10042	12175	487	2245
"Epityp"	2394	47100	19603	7991	137222	3535	264001	373194	72929	10262	8233	605	7219	32475	10192	8279	503	1731
"Apimon"	6806	32436	47687	8182	232004	8674	145734	105656	167751	18504	18906	1611	13848	51687	12167	17498	1177	4619
"Magory"	6786	40406	45549	7830	172986	10609	143845	88848	155566	14146	18100	1349	8888	39214	8797	16465	1353	4239
"Gaegra"	6435	30188	64662	4436	173698	7618	113761	115752	213474	16561	33578	3754	7086	39400	7461	17816	1488	7265
"Ophcla"	2074	20251	13211	3751	62761	2595	77875	67596	49472	4634	4807	329	3009	14196	2963	6005	365	1401
"Crypa2"	4573	34858	33106	9325	187267	5859	137651	89344	113370	13077	13217	977	12106	42184	9047	23142	1606	3253
"Grocla"	5767	16531	49083	3230	106212	3020	69452	84303	132437	8240	21779	1651	5866	26912	5525	17759	1068	3754
"Sormac"	7321	25404	39992	6717	169126	9460	89836	59846	138673	13320	12748	899	6862	33462	8853	10024	498	3683
"Neucra"	6275	39127	36490	7533	156293	10750	168025	143082	128218	12050	12019	751	6490	31437	8227	9620	497	3226
"Mycthe"	5625	25403	46864	7086	119875	7387	104190	136099	173607	9497	20531	2116	4729	27695	5742	12146	952	4895
"Chathe"	3964	18366	28388	4170	123357	4655	68152	52477	99109	9078	10948	734	6027	26897	5513	11479	674	2403
"Thiter"	5077	16441	56511	5161	121264	5989	70835	86312	186060	10557	27661	2789	4517	27600	4584	15524	1198	6804
"Geodes"	2749	24315	18142	6420	105688	3353	95935	71210	66016	7761	6352	587	6520	21889	5385	7471	290	2341
"Oidmai"	4552	56361	26793	12232	171993	5981	211437	168635	108237	12131	8623	609	11339	37261	8692	16367	757	1867
"Marbru"	9241	65558	32247	13299	123043	8033	300573	592611	112969	9420	9104	1199	10181	29056	6488	10529	495	2082
"Botfuc"	4166	83763	14760	16205	161205	5291	287457	149547	58926	8772	3139	192	14032	34060	10261	8936	266	1021
"Sclscl"	3991	74896	13229	13736	142085	5154	263838	157880	55145	7780	2546	207	13583	27404	8195	7802	286	824
"Glaloz"	4295	56783	18882	12649	143865	5385	196991	112867	71742	8531	4800	304	8468	30676	9218	9333	311	1490
"Erypis"	4571	189577	18093	22414	232579	6008	657631	471707	72457	11960	4002	361	18325	47920	16369	12600	350	719
"Blugra"	10201	203892	45224	30334	401857	11437	665056	391755	167650	24394	12967	591	24151	79386	24392	29103	1058	2167
"Exoder"	4550	19261	26517	5764	119066	5124	70413	41430	94707	9578	8750	664	5767	24215	5703	10897	483	2212
"Artben"	2994	20242	17850	4875	94227	3248	72859	56926	65489	8449	6089	373	6928	18613	4264	8939	498	1194
"Trirub"	2902	21344	17324	4844	92389	3136	76938	60931	63034	8100	5733	350	6825	18127	4122	8655	471	1112
"Ajecap"	3354	47466	16699	9490	120878	3041	161004	102444	71022	8641	5027	355	8110	26034	6701	9476	463	1300
"Parbra"	2724	49744	13095	8975	115355	2678	177882	142777	60237	7730	3623	216	8234	24443	6504	9748	416	883
"Cocpos"	3335	39990	17406	8548	107189	2923	135105	91100	73244	7794	5265	298	7710	22762	5609	8742	412	1376
"Uncree"	3174	29427	16930	7422	89665	2448	95692	54870	68361	7195	5209	323	5850	17780	4076	7327	373	1327
"Ascapi"	2871	23624	13350	5637	95242	2368	99734	40184	42884	5015	3512	213	7132	19069	4497	6868	208	1186
"Aspfum"	4131	25566	21732	7089	126674	4507	96872	59964	84569	9331	6473	474	7475	25026	5585	11434	597	1957
"Pendig"	4140	34010	18135	7404	112124	3797	111616	57489	73428	8324	4662	290	6595	23419	6226	7493	386	1689
"Talmar"	4588	33512	19139	8392	122048	4032	127559	68897	70443	8117	4882	296	8969	25966	6995	7347	295	1438
"Neofis"	4870	29825	25956	8130	142151	5181	115921	78273	97826	10654	7811	570	8583	27814	6163	13614	825	2362
"Eurher"	4636	26912	20295	7679	112562	3827	100406	56213	84323	8756	4938	373	7479	23008	5577	8320	393	1783
"Xanpar"	5405	28168	26467	8255	124276	6179	104973	88031	101100	9646	8083	530	6643	24626	5577	10412	617	2207
"Clagra"	3559	54068	18633	9680	142669	5706	236410	243987	73486	9258	5830	364	10151	30274	6585	10644	505	1326
"Didexi"	4634	18608	27533	5086	147734	6056	81961	76289	83764	9865	10205	1064	7366	38484	8357	20010	914	3103
"Coclun"	3625	23070	21550	5989	165561	5415	83465	49153	72751	12893	7436	580	9203	39372	9351	11833	525	1800
"Settur"	3530	24162	26577	6411	205277	5243	96672	90169	86915	17267	11002	1097	11534	52099	12179	15550	741	2449
"Pyrter"	4799	22330	24704	5735	178293	6655	84766	57773	81522	13543	7988	611	9371	44217	11924	11905	510	2024
"Altarb"	4414	21841	22208	6307	175775	6578	81367	49496	76034	12228	6687	491	9739	43120	10688	12947	577	1881
"Phanod"	4163	29145	24696	7375	186818	5666	114016	87456	85037	12613	8655	631	10980	46879	10886	15205	623	2583
"Aurpul"	2620	19150	13709	5061	138626	3820	71094	31739	44114	8672	4305	247	7719	30319	7377	10359	446	1072
"Clasph"	3162	14472	31225	4224	119736	3613	50475	21152	95834	8019	14375	1293	5382	28665	5124	12130	750	4234
"Zascel"	4332	22807	31932	7747	179081	4715	75318	36092	102492	12934	12031	813	9047	42726	9248	16640	734	3608
"Cerzea"	4202	31826	28067	8861	147339	4414	133455	166489	101092	9596	10770	896	8909	37988	8289	15284	585	2575
"Zymard"	4436	20663	30204	6705	147011	4292	68102	32264	108460	10017	10852	707	7437	34828	6977	11456	514	3453
"Mycpop"	3934	22164	23035	7919	120351	8457	78596	57179	87491	7996	7709	585	6283	33181	12362	11416	565	1941
"Baucom"	3715	7464	25749	2282	105629	3788	31916	23133	82464	6476	9207	670	5626	26524	4441	11151	499	2485
"Macpha"	6940	40718	57800	10016	186536	5794	153987	155547	190767	14030	24774	2342	9144	43275	7365	20605	1159	6623
"Aciric"	3972	39302	24995	8259	129345	3192	128490	73912	90172	7848	8973	749	8302	31287	6889	9935	395	2282
"Clalus"	1315	18618	5686	3468	50120	1171	67559	36122	20606	3149	1698	183	3774	11316	3262	2714	91	490
"Metfru"	3073	48469	15556	8299	107588	2590	153152	62114	53682	5819	5008	359	7065	22647	5908	5555	301	1502
"Hypbur"	1942	38651	4439	4803	30238	1663	154843	104718	14709	1930	369	15	2710	4501	1699	1403	17	224
"Lipsta"	3358	31490	15389	6328	76419	2788	115976	66056	54399	4323	4416	395	5560	18037	4342	6360	202	1256
"Saccer"	1439	32022	3791	3987	35965	1718	104107	70653	13151	2159	540	35	3215	7367	2464	2203	83	234
"Pactan"	740	58576	1552	3817	26002	878	202105	142082	5529	1161	141	23	3005	4566	2040	2135	54	71
"Vanpol"	1782	48661	2973	5897	34303	2470	192124	141326	7543	1763	125	3	4152	6646	2887	1588	34	121
"Klumar"	1508	20162	3739	3853	33510	1833	76281	55057	14423	2215	476	30	2874	7077	2355	2030	74	267
"Naucas"	994	33244	2478	4659	35291	1764	121117	82968	9325	2637	254	9	3373	6319	2553	1639	72	142
"Dekbru"	1248	26681	4849	3988	35518	994	92705	64892	22315	1427	1219	34	3924	8249	2307	2368	61	218
"Kompas"	987	17592	2588	3141	29125	1276	64796	37387	10249	1851	364	14	2084	5462	1916	1922	69	151
"Lacklu"	2101	23917	5879	3255	36278	1950	75757	53610	17563	2471	933	44	2424	8239	2794	3027	109	449
"Cybjad"	2087	16659	6030	3812	47301	1962	63285	39959	18696	4053	871	20	2635	9069	3421	2367	52	648
"Wicano"	1504	85235	3743	10136	74826	2293	311232	182753	10605	4000	319	23	5400	11136	5332	3049	63	143
"Pickud"	1254	25418	3256	3775	34411	1393	90024	55418	11222	1966	460	17	3081	7817	2945	2139	51	185
"Canalb"	1005	47913	2314	4780	35184	1313	197072	116783	8166	2009	197	6	3875	6433	2928	1485	42	110
"Ogapar"	1294	14072	6532	2312	29342	1029	46616	19945	21584	2009	2075	187	1497	6057	1768	2982	81	495
"Meygui"	2066	19864	5721	3356	38396	1943	75046	30093	18512	3278	821	83	2647	6964	2184	1790	103	400
"Debhan"	1113	35433	2717	4919	32425	1299	136044	92643	9090	1716	258	15	4045	6550	2331	1453	25	131
"Babino"	3763	17486	13106	3222	53759	3176	61025	50914	45356	4008	2481	270	3677	12523	3531	2492	140	1255
"Spapas"	1632	34192	3879	5173	42882	1657	140073	86276	13377	3021	317	15	4035	7912	3199	1639	49	254
"Lodelo"	1405	33617	3428	3152	38109	1600	137380	81351	10732	2296	388	13	4323	8625	3374	2590	60	203
"Ascrub"	1118	68896	3433	5832	35406	707	250562	167098	10789	1919	611	33	3104	6480	2370	2246	43	252
"Hanval"	322	40348	828	2465	19699	461	146893	127523	2317	911	15	0	1906	3725	2060	818	26	26
"Nadful"	1921	30670	6734	4335	36782	2364	115552	90129	21445	2344	1283	73	2422	6334	2138	1648	61	404
