"AgeI"	"ApoI"	"BsrFI"	"EcoRI"	"FatI"	"KpnI"	"MluCI"	"MseI"	"MspI"	"NcoI"	"NgoMIV"	"NotI"	"NsiI"	"NspI"	"PciI"	"PstI"	"SbfI"	"SgrAI"
"Bignat"	13922	215655	52595	47353	568322	16517	557228	395856	185783	32873	13528	1675	95778	236534	65900	59319	2262	4823
"Leibra"	8418	16325	58318	5064	162201	8707	47362	36988	124276	13203	24546	3542	10248	60572	11034	41888	2089	11735
"Trycru"	21659	210668	127440	35326	494526	13841	464240	246200	346216	34109	52296	14160	53548	185989	49533	111847	6153	16306
"Ectsil"	76226	246113	370906	53663	1191753	79899	661870	416500	1008684	104840	132625	17760	118457	463784	130332	135489	8297	51306
"Aurlim"	8702	146774	41335	32345	333475	20363	385945	300697	136437	28257	13539	1347	38975	101527	25083	45468	1829	4157
"Hypcat"	9310	45626	44551	10824	261977	12897	164363	164465	159079	23495	12940	1371	15631	61752	14075	52575	2859	3293
"Aurano"	14029	39465	208797	11961	232761	8635	82309	37294	433063	39165	153117	70366	5518	59665	10566	22082	1544	82511
"Blahom"	3067	44636	12623	19235	90063	3186	118933	64895	44270	6216	3307	541	9662	24261	7413	13167	540	1843
"Nangad"	7626	56921	47684	10606	197407	9201	135544	85892	156007	21234	18255	2221	15811	65528	14342	18691	1967	4785
"Fracyl"	23217	262435	46827	47307	367494	20072	652225	455610	132253	25579	4315	407	64946	108652	37013	27532	651	2767
"Psemul"	107131	574866	284803	134570	1155507	76836	1444249	729440	756216	101781	53178	3267	151636	324109	112647	83399	2830	22623
"Phatri"	9431	65371	34986	15293	133695	11040	154696	72565	113417	16529	8725	864	10383	36956	10628	11923	434	3348
"Thapse"	4762	36260	19100	11181	164871	7790	135221	73136	62964	13764	4069	276	25044	45698	13196	17503	374	1982
"Albcan"	7424	107790	20330	27494	188626	7680	258809	129805	74966	8873	3725	243	27949	63091	17570	15214	507	1439
"Pytult"	10026	58787	45306	15249	276727	12354	171712	95078	120606	25951	16303	4169	25728	97637	18688	40639	1319	6551
"Sappar"	23585	36286	127253	10099	345599	24242	109225	64089	250514	46395	59535	9968	24893	119154	23464	41994	1011	25126
"Phyinf"	77260	312591	255557	69109	1046944	70521	860039	757412	814464	94678	62418	5071	84162	335557	109537	148651	5720	24520
"Hyaara"	22116	145292	72091	31156	408672	22998	409419	351092	214500	27445	15917	1465	39987	134638	42891	48303	1252	5304
"Psecub"	18924	102944	156324	25383	396313	14931	269854	167148	309266	41550	81918	7503	26168	119760	21782	81885	8772	24247
"Gialam"	2314	15252	11841	3789	66955	2679	49159	46026	40363	5269	4187	309	7857	24266	5362	12456	632	931
"Permar"	22495	190233	78320	52363	481796	25296	437100	284527	270066	37809	19399	1398	46868	148440	46343	43959	1971	5396
"Stylem"	536	110569	2121	19834	80244	1955	237830	236164	6777	2612	552	25	11809	17110	4379	5612	158	139
"Oxytri"	1633	378479	4360	55501	270428	5423	770934	759098	15642	7918	497	10	35566	66784	20516	15463	367	176
"Partet"	1123	453920	2824	75090	245972	4283	946174	871482	13026	9035	313	13	52111	61092	26593	11995	336	43
"Ichmul"	656	386592	1710	22327	77189	713	698462	714848	9570	1498	224	3	22084	22397	11784	2630	147	13
"Tetthe"	780	814467	1750	58345	238211	3879	1437977	1441004	6969	4820	120	9	53514	64790	24685	12430	389	44
"Hamham"	18081	103184	110137	33914	359799	12603	218872	129797	314839	20203	44187	5352	49342	184544	34251	78171	4109	15776
"Toxgon"	16569	101384	90293	32646	357234	12270	212933	126512	279946	19262	32795	4699	51614	185546	36584	76076	4049	11923
"Crypa1"	1100	56719	2148	9015	33459	1713	110234	97791	6384	1634	237	7	6774	10629	3474	2035	55	115
"Babbov"	2332	18613	5596	4372	50862	4385	54920	53518	18712	5721	770	62	6702	14806	6400	4233	142	428
"Thepar"	1054	41696	2536	5166	31263	1918	88808	84468	11252	1970	288	9	2323	7986	4617	1927	63	228
"Plaviv"	3643	100724	12403	11065	144443	6638	222395	192887	51910	9426	3192	868	21679	61551	22538	15312	1367	1511
"Cyamer"	7052	22148	31155	8311	102011	8819	46199	22028	87515	8990	9994	1206	12172	36520	5272	20445	860	4384
"Acacas"	16856	35356	121056	11672	252138	33272	109593	69997	240053	25842	61086	7803	11061	82017	20540	50017	4880	23773
"Polpal"	10636	138966	20864	24647	107294	7693	320646	274476	40255	6116	1514	32	13311	29198	14728	6880	154	1996
"Dicdis"	1729	234717	3346	18408	79505	4840	448437	407981	7149	4591	132	8	12394	19747	10878	2346	69	124
"Enthis"	128	106960	246	7026	68046	362	258250	246647	1469	2288	24	3	11659	15785	9238	1779	46	7
"Guithe"	18071	120434	89326	32374	558534	27833	251988	130452	286142	54809	36338	5628	34091	192431	47637	100561	10267	7774
"Emihux"	34037	110335	553693	31882	659645	37976	223132	137755	1120037	55812	347584	80147	25792	239019	40284	189186	15750	127535
"Phypat"	25599	2195230	107289	283586	2455396	69020	4639842	3786567	431564	141867	21926	1526	349520	793780	354157	132564	5004	6373
"Lacsat"	204216	4121433	426796	581817	6668599	225917	9276190	8342747	1630465	478197	53501	3936	941192	2070563	897984	201739	8579	25340
"Sollyc"	63245	3498115	168944	456222	4373680	112583	7444415	6603518	739730	227485	20808	640	643570	1374473	611777	158899	16111	9465
"Mimgut"	54447	1442008	176485	189494	1571574	39648	3121190	2563773	620161	82908	36023	2817	231344	560659	228011	73053	1733	17309
"Citlan"	22733	1743955	69965	194583	1688407	42874	3457338	3052530	259437	106314	15343	855	273149	533621	222702	62677	1874	6951
"Cucsat"	21184	1125328	71585	129388	1105654	26847	2301066	2015421	256907	72112	13784	877	169598	323306	138819	49633	2014	7178
"Linusi"	64519	1079631	199040	190315	1588730	57061	2453377	1962128	619249	129811	50341	2606	227503	459251	177004	124631	4431	21755
"Poptri"	54941	2025114	144033	241617	2602529	45572	4413138	3984877	502084	148544	30845	1449	386760	827248	333759	143687	5959	8523
"Manesc"	49020	2024275	177312	268388	2387571	65794	3947230	3610044	551623	145229	33161	733	455031	782430	240914	173511	6214	16853
"Jatcur"	42777	1399264	126831	173358	1382309	41638	2898397	2473842	399315	97236	21833	3537	253600	434073	159747	83722	3017	9132
"Riccom"	34837	1623242	116787	212068	1759332	42832	3398517	3060419	365300	91868	32651	2371	287368	553421	214940	96485	4078	9825
"Betnan"	69794	1986720	245267	238296	2638386	76614	4344051	3729550	767944	184622	65554	3182	358819	848727	336724	156757	6732	19306
"Medtru"	59526	1740398	150631	205328	2086664	62402	3787270	3288751	440495	104184	30490	2761	356223	696281	315509	99196	3345	12882
"Lotjap"	22783	594673	66147	92201	799395	26145	1271266	1058610	237001	54750	13579	776	105245	241504	93144	41990	1845	8165
"Cajcaj"	46581	2467473	128528	261937	2836130	90004	5126154	4541212	503930	180590	26377	2482	477453	925283	397949	93828	3046	10198
"Glymax"	95456	4630933	252416	555663	5831531	189769	9643051	8198349	1008069	389209	48673	2021	984460	1929927	741333	223471	7655	20617
"Pruper"	24435	939899	78983	126307	1269187	36764	2040678	1606538	287988	92400	18497	756	185373	402744	150664	85827	3077	4947
"Maldom"	76231	2657024	277925	362707	3865073	106822	6000699	4958873	1021787	250251	82755	2888	560820	1249265	490636	204573	8454	17534
"Fraves"	38957	817463	119857	118381	1225945	40323	1820618	1466843	396681	78278	30949	1384	192245	406311	159049	89617	4163	12107
"Cansat"	57345	2363085	168737	289731	2642313	87824	5086287	4425742	626789	187178	40162	1179	355581	802137	361373	115910	4368	9360
"Vitvin"	60379	2271044	129586	271771	2894434	80302	4638038	4020369	505672	243021	23124	809	441960	837088	336111	125145	5152	8554
"Citsin"	28993	1602347	101124	181516	1661564	49865	3274705	2815580	335993	96579	22665	914	274622	547216	207206	106667	2900	6451
"Euccam"	119084	2867613	443432	399651	3871081	108869	5976524	4605793	1343520	298125	133868	3358	542610	1169048	411107	202241	8284	40440
"Carpap"	30998	1328787	100115	160772	1490987	53935	2736471	2381124	427045	103514	19677	655	233502	470950	186275	86939	5593	6277
"Brarap"	62154	1061969	145981	108850	1399962	35535	2305962	2304237	477673	86721	24116	1150	192408	431717	208728	82927	2383	11942
"Eutpar"	31710	578367	76269	69221	722650	19009	1241129	1126913	252848	49077	12637	687	99919	216838	101362	49232	1473	6309
"Aratha"	21348	354265	47153	50008	466516	12071	780326	709702	157942	31198	6447	224	63902	138245	65226	32737	1066	4383
"Thecac"	29397	1501608	81942	171578	1756145	50958	3035935	2699630	255726	126261	15860	401	287731	545566	231034	102345	3124	4517
"Gosrai"	84537	4177771	204853	445653	4139137	152858	8124904	7264293	776413	241710	33592	1623	667959	1411217	605978	135400	4252	11757
"Phodac"	68770	1439254	219128	193266	2411201	83074	3165590	2652040	639948	188789	62072	3489	406411	783666	237421	161067	7107	16281
"Setita"	111419	1093949	584714	172891	2701746	116438	2617748	2042090	1445312	271323	273232	31988	378482	927233	283163	264518	17200	104398
"Zeamay"	38676	449855	221514	79192	987337	48058	1068227	860927	587468	95868	99897	14762	136940	329341	108315	109932	8081	41820
"Sorbic"	159719	2008013	739805	379732	4561963	172818	4808129	3772446	2039814	457370	300377	34042	683406	1525837	516977	395013	23237	126243
"Leeper"	3572	54513	20897	7832	107230	3424	126361	100166	48559	9530	10131	1143	16792	39592	13514	10180	542	4823
"Orysat"	109638	1259100	582103	168512	2353107	84858	2820474	2316666	1300744	215466	273318	27064	340109	842886	299359	220016	14902	118094
"Bradis"	74349	775719	447364	123727	1849887	74702	1851421	1413869	1111215	190280	219191	22152	271342	674314	221363	192931	14369	79580
"Horvul"	335518	3924640	1612162	579944	10445893	346323	9252620	7069268	4605738	1057325	659166	40734	1390986	3355836	1070819	521143	41942	220807
"Triaes"	29884	360997	136192	52885	992008	27258	892289	701794	441298	98247	46251	3070	139583	314063	100384	50188	3599	16377
"Musacu"	63981	1423747	215465	246518	2465499	108141	3273575	2797324	715443	172283	61769	7633	390418	788695	307207	168543	6871	28515
"Selmoe"	32376	544992	156913	106646	1286282	52812	1193101	970257	636496	154825	56117	5485	135802	358221	101896	88305	3193	18937
"Chlrei"	36424	43264	380853	13113	700664	31727	171096	146505	748550	71721	226600	56490	57493	305440	46900	200588	20006	82846
"Volcar"	40030	134182	265724	31459	778311	39682	417629	383784	718848	77681	115406	23467	88759	324180	73903	152944	13226	40845
"Ostluc"	4158	23700	28222	7362	55258	2448	46370	24032	64900	5574	13356	1378	2540	15150	3476	3066	90	11328
"Micpus"	6707	16257	57107	4497	68014	5625	31338	32479	152103	5583	30765	13069	2177	17288	4672	8416	292	25292
"Chlvar"	7942	11559	160412	3370	287299	12703	46622	25372	292873	30781	110648	22761	22343	134605	12332	144883	25146	28914
"Cocsub"	9646	91058	82699	17904	412417	11252	244138	119233	190498	29733	42375	8497	71032	212361	34144	123035	10664	10498
"Ast_sp"	5487	32519	69369	7331	516701	12895	120480	54339	160676	46831	38234	3168	50343	255675	38367	301465	54519	4378
"Naegru"	1093	204034	2734	33248	176772	4375	431146	307225	9937	6751	330	3	18658	50872	27507	7920	216	67
"Trivag"	8447	1014749	27494	163702	875490	16042	1742407	1487353	142105	46164	3801	182	113998	211678	97582	55160	1272	760
"Monbre"	11147	43239	71534	8145	284962	12708	128609	61977	167012	33744	29295	2190	20932	97922	21161	34424	2226	7409
"Sal_sp"	9026	20049	68170	6688	379746	8617	80271	37395	147647	26572	30641	3706	36903	198121	45921	63903	6309	9620
"Ampque"	11927	514721	35768	57455	939987	31518	1304687	1221315	115829	52862	7430	369	173619	443197	270023	68794	2179	2175
"Nemvec"	45834	932716	159371	146594	1535218	76030	2162186	2051262	574433	114815	35377	3459	159591	508421	184063	98803	4181	10218
"Acrdig"	60974	1611100	179067	229334	1995331	58467	3416647	2960572	626167	126799	36098	1561	232226	626036	222591	158579	5718	9668
"Hydmag"	42639	3465215	110180	221588	2172794	60349	6693558	6747343	386255	90738	27306	991	386606	743475	313732	131518	3170	4323
"Alamos"	214374	2669693	722624	397565	4045664	259469	6179769	5766888	2804900	295711	186108	20441	421443	1329190	471524	334533	14280	60184
"Mnelei"	28020	638806	84039	73672	764812	32919	1322937	1226737	319735	46853	16603	2706	60416	223848	98927	77709	3264	2853
"Schmed"	123781	5814891	309301	569079	3292704	93447	10523789	9229277	1280725	169760	53475	2882	510036	910097	406355	131243	2981	9184
"Schman"	52290	1495404	158670	298951	1855492	42227	3468312	3208521	508731	131938	32249	269	238005	464397	241309	68787	1304	4928
"Closin"	237562	1892745	567864	383633	3041099	128560	4036434	3103974	1852248	192951	83582	3673	344486	990847	326395	276215	11044	33679
"Patmin"	220485	3000954	576395	397301	5076597	267376	6809503	5685828	1745657	346359	128011	7389	656365	2141403	1099111	379710	18278	26704
"Lytvar"	134387	3469286	291491	487101	5368455	161495	7698931	6634936	1097522	361838	47304	4621	768950	1975461	1040955	251621	9910	26879
"Strpur"	189801	3118244	383001	452186	5279728	168461	7384219	6662211	1331410	266970	63233	4613	740230	1994527	1045921	253099	11788	13083
"Oikdio"	14458	390558	52508	61287	261275	8556	671226	491201	173275	11983	13640	908	25448	75103	23805	24571	623	3671
"Cioint"	22189	434900	51866	47083	606935	18337	1051486	1108430	171733	40474	7802	514	77264	208789	85666	42076	1322	3527
"Petmar"	209841	1516362	657153	341244	3648158	125440	4285112	4323388	1861976	315568	201223	19332	471793	1366058	446672	530851	29206	91143
"Calmil"	61029	1921814	287148	367708	3576161	107526	5501488	4875977	1288741	278931	70362	4471	410351	1048727	415967	649297	21223	10146
"Leueri"	119383	3545396	560285	643411	8034829	190166	10248438	9586971	2162663	570773	163488	7115	884186	2485391	881468	1369714	46436	26616
"Salsal"	445760	4618463	1256688	809689	14613136	620562	14650903	14888826	4483155	1202264	258712	8380	1815145	4805528	1842403	1796146	101047	60714
"Gadmor"	115751	833719	507170	172274	3371257	104325	2999945	3500307	1615805	279089	159442	11946	453289	1235195	424062	473368	37076	37560
"Orenil"	98005	2166410	343789	299453	5109380	110829	5604983	6525143	1089074	257334	78170	4640	627647	1953858	758791	1025893	68482	20772
"Neobri"	82224	1769685	287643	244914	4227232	91861	4691541	5483168	900627	207708	66146	3587	531107	1641458	623222	862170	56653	17212
"Mayzeb"	81285	2564652	331969	452175	5081515	140179	6960150	7390547	1182207	292781	101981	5077	675659	1784847	651200	930093	58099	20139
"Hapbur"	85639	1824891	295731	255332	4354794	95184	4795584	5590893	926583	216686	66863	3800	548879	1686810	636901	883027	57641	17593
"Labfue"	11784	149565	38451	22995	364912	11864	401441	465070	125097	20188	8673	725	39655	135781	50460	75248	4458	2098
"Mchcon"	10683	155949	35959	23329	379315	11690	417508	484175	118802	20470	8273	795	42717	141865	52935	77388	4727	2012
"Melaur"	8959	144430	30975	21232	357264	10268	387583	450812	99897	18504	7291	629	40698	133778	50581	73665	4451	1780
"Rhaeso"	13032	154547	42351	24510	363316	12769	410660	468396	138828	21061	9447	746	39168	133696	49748	72926	4169	2175
"Punnye"	87985	1815595	301595	255086	4354441	96741	4771698	5566082	940836	218334	68065	4516	546914	1682875	634278	884338	57319	17648
"Diclab"	9545	217287	37025	32027	597047	12395	664138	760872	123361	34682	9537	418	75471	224987	88261	114941	6491	2257
"Tetnig"	64075	633645	314997	110749	1668126	51402	1678001	1914687	965374	116391	110346	9975	158144	604849	212372	490318	40015	35714
"Takrub"	66454	754996	285221	144757	2019313	57963	2059237	2379764	933603	132903	89758	7928	198072	712206	267077	513555	39897	28925
"Gasacu"	97882	791804	453473	157649	2625855	71745	2595876	3067648	1376323	156641	147384	10739	294685	969327	380569	571661	44942	39607
"Xipmac"	74628	2013480	291051	213597	3840505	76009	5070571	5497218	949410	196499	78631	5384	491020	1412123	572081	812640	49430	18353
"Orylat"	104099	2010219	374488	280896	4233229	90662	4877695	5447880	1263939	290696	100266	7301	519419	1492843	618697	939589	57875	24744
"Danrer"	80788	2062348	286819	232180	4014449	76129	5632675	6154897	964273	176865	57370	4857	649858	1669908	618967	543927	28954	18462
"Lepocu"	81285	2564652	331969	452175	5081515	140179	6960150	7390547	1182207	292781	101981	5077	675659	1784847	651200	930093	58099	20139
"Xentro"	118348	3980438	520592	638777	7760391	380050	10764110	10558201	1965681	616399	161806	4621	976769	2655133	1011441	1242162	76946	64687
"Tupbel"	91815	6663711	541444	986579	14536538	350683	14809393	15687314	3070633	1345807	226191	9641	1571246	5768232	1817087	1654539	117075	23186
"Macfas"	79733	7339127	421641	1164024	13359977	401452	17375311	16034320	2443945	1029113	148691	9033	1310401	3897779	1457445	1714584	109455	17748
"Papanu"	122677	9403097	617442	1544210	17294861	551497	22703040	20298395	3839939	1386020	223435	19607	1668521	5157752	1914191	2307432	147434	28120
"Nomleu"	101963	9212988	545572	1480909	16736088	530134	21694474	19460782	3366415	1348297	203013	14535	1640179	5030031	1822892	2285576	141532	25041
"Gorgor"	114093	9277649	585163	1537552	17936710	522573	21501639	19756336	3180546	1383842	206579	14569	1759351	5238353	1918619	2246733	146333	26188
"Homsap"	103362	9518031	591295	1487970	17684540	556171	22480390	20275754	3549669	1423438	223407	16551	1706586	5264914	1919204	2363787	150339	27932
"Pantro"	105419	9570607	584220	1525849	17627522	547652	22489400	20291631	3472817	1408967	218382	16312	1709009	5244414	1916660	2328894	147568	27685
"Ponabe"	114139	10411622	621848	1628226	18965274	606092	24350168	21843552	3634974	1517362	234617	16158	1857701	5647292	2071537	2507685	154877	28463
"Caljac"	101687	9333472	588554	1462896	17426316	548191	21702955	19544504	3076227	1387585	226204	14407	1643880	5312735	1944879	2246802	145134	25553
"Saibol"	94508	8380984	538709	1322204	15567967	480265	19486834	17875310	2913451	1224859	196242	12304	1514222	4774814	1749124	2073084	135757	23411
"Tarsyr"	121793	9862963	528200	2041038	16094186	568414	22281048	19847219	3355570	1210869	174585	13475	1639194	5161135	1785020	1874565	140625	23820
"Daumad"	90295	9686600	423841	1432703	15127015	479665	21130451	20106725	2145280	1258519	134402	3608	1632533	4532685	1769621	1854018	141453	16404
"Otogar"	96034	7988411	661093	1272336	13525387	479777	17947802	17322200	2768490	1438695	245347	11957	1272886	3919463	1592771	1810570	148695	24200
"Orycun"	215277	8019246	2280519	1404963	15392085	561980	17504149	17417442	5695536	1733876	1439578	31706	1627375	3973912	1373896	2723306	203613	63255
"Ochpri"	155927	5861123	893660	1045610	12470597	412151	12911289	12680738	3244926	1166097	234029	20852	1363351	3917938	1329197	1950944	173853	30117
"Musmus"	95119	6563979	430758	1235410	14577798	511295	15380811	15535449	2193256	1401908	132763	7519	1583046	4727470	1714013	1722883	113193	20099
"Ratnor"	124327	7507555	535058	1500937	16216796	575365	17446562	17316792	2823087	1481578	157851	9458	1673475	5184719	1944379	1890233	123438	26446
"Crigri"	78742	6953161	377136	1332323	15347400	523252	16218485	16127374	1824894	1475340	110785	3491	1634309	5015360	1855341	1669375	124439	14663
"Micoch"	111652	6210386	515513	1172396	13278135	505875	14283577	14594251	2571518	1258925	159136	8654	1401906	4357593	1500689	1737722	148013	23064
"Spetri"	77958	8673728	442788	1331733	14009393	502999	18566073	17618574	2184498	1168803	166199	9798	1594421	4493166	1601869	1742657	154029	21309
"Dipord"	90198	5274091	485299	1043194	10366461	330270	12485927	11520016	2416239	865478	193291	12069	1287304	3077685	1036659	1053360	78923	65495
"Jacjac"	81341	8373639	442208	2059397	17068014	581847	17837503	17748554	2446468	1506642	167516	10821	2359570	6368071	2100009	1653142	109870	24160
"Hetgla"	82609	8633957	471673	1256522	13908462	858797	18140361	17172294	2677316	1206252	183650	13836	1480458	4168373	1628219	1845015	147529	25489
"Cavpor"	123698	9995863	580978	1531882	16355854	764112	20863941	19616410	2758022	1322564	213339	15024	1749885	4906735	1819238	2321092	173734	30890
"Octdeg"	95995	8581761	715850	1342355	15540399	571884	18660613	17726628	3197510	1200480	354242	16604	1534557	5088335	1610092	2243384	176439	39184
"Chilan"	107759	8073944	621344	1208716	13853037	761273	17158555	16324834	3121087	1145926	242750	17461	1440389	4344099	1563367	1980257	146701	32493
"Chohof"	74375	7940282	352331	1628601	11582373	446459	17031510	15585004	1687525	1158945	111343	6002	1303592	3218695	1213957	1365492	79032	13170
"Dasnov"	121443	11855526	899938	1930871	19533754	648344	25562400	24157928	4018527	1929102	418312	51397	2043583	5205888	1910305	2368968	182730	56551
"Equcab"	137384	8470864	895803	1390876	14191779	448133	18227541	17679668	3588553	1230629	435893	16150	1387409	4294831	1480470	1879439	148661	28991
"Cersim"	105606	8442818	954518	1325399	13706823	411976	18308395	17726238	3219790	1152440	524868	17851	1365795	3918162	1475539	1712937	133915	30502
"Sorara"	123975	7091270	824145	1049607	12828679	469573	15757460	14137873	4530187	1122130	357426	40374	1326446	4162161	1279029	1595833	147334	48179
"Concri"	83642	5705958	582645	910453	9916963	282520	12386772	12669358	2431076	780246	260685	23704	1305649	2860396	1133572	1513912	114935	36459
"Erieur"	139770	6720423	753926	1078868	13450072	342979	16465943	16599313	3019825	936545	187574	12331	1274697	4200316	1777920	3528406	1318071	27276
"Susscr"	10604	754255	71467	127290	1367459	47431	1644490	1680556	305152	132701	28755	852	133181	388382	141097	225527	14938	2384
"Vicpac"	82740	7404684	550481	1669559	10883002	346056	15290361	14437163	2158057	868239	137559	8160	1313227	3548093	1318720	1386271	153013	20392
"Camfer"	99912	6955190	587002	1146384	11347060	418940	15066974	14921355	2631477	919301	224962	11889	1181253	3464844	1270362	1694468	144712	29362
"Turtru"	123892	7743418	669543	1298133	13185406	512442	17081775	16858913	3451947	1417675	257337	18872	1313518	4354501	1425079	1829758	134803	32679
"Oviari"	103473	8547698	544274	1674490	16300730	431364	18249819	17292259	2913513	2547415	204089	13486	1564485	4347987	1550434	2676912	144063	29164
"Bostau"	125461	10900396	691044	2121060	21146691	552325	23440852	22083164	3739476	3371992	271834	21015	2057752	5477095	2020763	3502732	169808	37255
"Ptevam"	105883	6755025	570326	1077403	10226510	348995	14496348	14086947	2400188	819710	225728	20300	1117466	3041075	1197017	1302140	93548	35401
"Myodav"	274103	5908899	1039329	916942	11205542	335321	13574546	13261983	3648708	1008268	375222	15174	1189440	3802510	1176554	1574091	172660	39641
"Eptfus"	230873	5737586	1074868	897135	10662091	329613	13141455	12706277	3707595	966050	448610	35264	1168298	3604054	1128508	1540587	211177	51131
"Felcat"	142364	7979297	757936	1338067	14182143	441803	17160197	17696374	3426231	1054494	272492	17796	1333570	3786337	1427406	1474428	122088	36866
"Ailmel"	125108	7665176	689846	1276592	13169529	426494	16515471	17046165	3352909	1062140	251994	14483	1289824	3711450	1346715	1558633	136611	32147
"Musput"	128210	7898466	724613	1310219	14120501	463005	16913099	17868518	3237608	1140749	289413	21036	1297245	3734521	1418358	1510265	125941	39384
"Canlup"	107733	8036182	620720	1255610	14747504	485070	17629556	17993209	3646928	1138994	256547	27540	1425651	3949733	1431172	1777242	214342	37917
"Chrasi"	129282	10287690	483423	1801363	20627711	723042	24685541	24724509	2224147	2686316	130134	7812	2665564	5668534	2338735	1806397	100772	20980
"Procap"	121418	7568667	491106	1386425	13855122	488438	17320756	16903493	2322776	1295931	154821	10217	1386489	4171180	1732801	1769335	110805	28301
"Echtel"	193125	7187644	902089	1396197	16394809	517969	17936272	16830788	4024661	1724985	304183	13343	1788029	4942916	1747285	1975720	175646	44967
"Eleedw"	178817	10151425	567464	1560992	20221071	700977	25667586	23276169	2505770	2663224	153377	11104	2567897	5992182	2290222	2459171	125929	26843
"Oryafe"	108699	11103141	470440	1931924	20334332	576188	25716888	23468643	2138083	2528337	155097	10819	2336288	5472215	2018326	2205151	121015	22942
"Loxafr"	169548	10624115	655478	1856062	18117381	624725	23696811	22549172	3144342	2195224	195678	11514	1947597	4961292	2003039	2105139	131058	27912
"Triman"	146032	9367200	591270	1610122	16068550	484715	20774466	20166822	2824083	1786644	199977	13116	1714614	4560695	1860884	1899599	125360	30129
"Mondom"	66023	13997935	337589	2611473	18530515	604724	30930721	28391889	1799513	1548421	139895	7564	2019808	4922351	2279306	1280742	72521	15316
"Maceug"	49593	9415380	198878	1739146	14346267	488926	20725905	19029415	1127414	1121034	60066	9256	1533210	3942055	1670772	1155308	65318	9228
"Sarhar"	55063	12578855	293417	2207618	15076030	455534	27505488	24901999	1522509	990487	109523	5692	1900526	4117637	2019033	1046747	62536	11051
"Ornana"	171424	4120231	877927	820598	8980243	296095	11307965	12603325	4573181	716553	305320	16803	672300	1997816	725335	1082172	69388	43736
"Pelsin"	196062	5679595	928173	911875	12959227	427066	14215853	14244407	4073181	1317967	357671	17371	1329041	4161661	1189041	2504720	170143	46669
"Chrpic"	195566	5887391	994624	1058420	12779897	470729	14755793	14468655	3700732	1239765	373556	20941	1388736	4012954	1221336	2574706	160651	55582
"Anocar"	94880	5223985	730891	990145	10592375	349741	13361507	12333337	2623549	996488	411838	14394	1234884	3131757	1083742	1221589	57494	18510
"Pytmol"	44366	3474599	182021	679167	6372048	173976	8784885	8410167	761107	527397	52008	2638	888263	2012164	676524	934011	46305	8025
"Melund"	56667	3181571	219298	536922	7026918	228971	7758216	8133068	804264	701055	67758	6837	822306	2260897	728737	1513136	86199	14908
"Ficalb"	34291	3728982	205439	614328	6166077	193089	8205179	7592265	899772	639485	84746	11952	683171	1823459	584269	1609413	117970	19207
"Taegut"	42382	4424230	257794	707848	7295612	223486	9712400	8965427	1064995	773529	108304	15913	801958	2164261	729452	1792550	135698	24095
"Geofor"	29634	3714832	159554	603984	6302036	191335	8191330	7563031	750232	682062	58560	5187	687832	1856165	609594	1576942	116457	12132
"Galgal"	53043	2790388	241434	487203	5645940	173392	6697178	6697248	963830	485001	90722	15000	727256	1804606	518840	1403026	87725	19030
"Melgal"	38006	3021044	153861	505239	5551282	150928	7053409	6888029	651409	432050	49077	4116	739521	1807349	529145	1337886	79281	10037
"Allmis"	144757	5225756	635050	831158	13632138	504662	13624902	13687521	2587095	1416872	228184	13411	1661269	4776761	1411171	2877602	226801	40822
"Latcha"	151140	7205116	601333	828948	12849838	475377	16582826	17004581	2769536	1111123	191643	7466	1615031	4350433	1382305	1813393	106364	25342
"Braflo"	125615	1498632	352285	219718	3175688	155650	3495319	3116545	1115553	227992	87376	5544	355165	1292406	679428	342001	19490	27789
"Sackow"	113562	2395320	266476	332203	4139806	115823	5969184	5056394	870753	251927	35837	2657	664861	1706399	863832	203004	4906	18392
"Aplcal"	84030	2041475	270616	247950	3112213	119889	4604343	4211687	1120593	163675	59627	7218	306516	1132761	493602	287437	10463	15140
"Lotgig"	35622	1484069	70350	186774	1552038	47277	3101579	2808882	290111	75865	7211	240	171372	492280	262239	74786	2436	1650
"Pinfuc"	80984	2476833	168242	287945	3083818	103982	4779632	4013368	706850	147523	27988	1514	426893	1367412	806879	112721	4612	6778
"Cragig"	107715	2554123	187044	300283	3012881	83727	5183379	4906894	699837	133232	17210	997	535597	1335867	790834	155431	6040	8424
"Captel"	50130	961840	155827	187068	1810702	33788	2451863	1911474	567909	119354	32931	2633	333447	693976	255578	155219	7852	9276
"Helrob"	22318	1073073	76833	91859	1003065	20322	2174240	1961826	230553	36581	18013	445	179960	376264	140138	68882	1433	3347
"Menmol"	21365	1127584	53881	93597	533952	16004	1894873	1783747	170912	17297	10105	890	77496	191210	100671	22540	573	2817
"Tricas"	29100	1003310	102021	89502	527320	23159	1823001	1583090	336578	24852	21487	1747	66603	171769	75494	37174	1605	6395
"Linhum"	47946	1071747	209809	132195	825865	24029	2193322	1882241	575089	27979	68495	7449	165397	318326	116466	64238	1876	26790
"Camflo"	39571	1218681	149330	133103	899481	24375	2431736	2128330	465405	27847	41981	5175	184538	340519	145767	45800	1655	15041
"Solinv"	66340	1842822	272337	200666	1347791	48412	1422772	3263894	803650	56180	82717	10146	230270	494325	204236	91166	2978	30348
"Acrech"	44745	1603912	160154	189283	1210766	31246	3188689	2801869	503091	40650	40136	4299	222089	419821	177474	69568	2103	14734
"Attcep"	39132	1648751	139614	191178	1204418	27049	3239759	2830039	449994	39708	34650	3726	225842	417280	174441	66502	2034	12481
"Pogbar"	43530	1131408	177923	142913	861914	26316	2280249	1958747	529313	31727	54093	6579	156716	311887	124603	51275	1730	20773
"Harsal"	71619	1090388	426547	180492	1035805	39166	2355889	1893772	1116740	43915	178859	27723	140666	380536	137860	86241	3723	64989
"Megrot"	125003	948042	439201	126294	1498344	72285	2311250	1935984	1235196	85523	119550	9121	198336	517391	145401	160267	7526	36689
"Bomter"	60478	1229416	184996	181995	854967	33540	2421519	2052088	511349	46112	40776	3493	136583	275573	113680	59010	2290	15071
"Apimel"	46368	1491181	146233	184299	633565	14983	2643594	2254072	411731	29189	37489	4247	126509	187527	77873	26348	1073	11440
"Nasvit"	41513	1044730	233967	149030	885359	31566	2134384	1757962	693509	35098	91313	10680	152745	318583	92710	178832	4502	29745
"Dromel"	18487	506344	121703	73477	603032	17667	1168286	1008902	386730	49356	53299	2873	89241	210139	61691	94092	4281	11440
"Lutlon"	8604	980523	41153	115394	589373	18850	1664702	1272910	255645	39646	13218	393	82933	143845	48289	45184	2157	3110
"Phlpap"	86334	2444693	150316	285613	1368165	45293	4077062	3238847	648904	75191	17376	449	176386	330552	140892	95232	2625	14892
"Anogam"	125003	948042	439201	126294	1498344	72285	2311250	1935984	1235196	85523	119550	9121	198336	517391	145401	160267	7526	36689
"Culqui"	125003	948042	439201	126294	1498344	72285	2311250	1935984	1235196	85523	119550	9121	198336	517391	145401	160267	7526	36689
"Aedaeg"	159093	3696109	449559	660062	3331218	153763	6521676	4816688	1652519	194127	100977	3196	411995	1017495	376289	249246	14059	27962
"Maydes"	26304	999163	82779	160969	724179	13929	1787873	1263321	243915	32854	16454	846	172516	217839	79787	20902	599	3814
"Helmel"	35984	1350507	116727	206089	988302	56612	2945136	2902627	360502	37129	34089	4472	134174	362943	170054	52384	2087	10194
"Danple"	41199	1382263	138973	142379	1079258	35793	2954078	3003543	413104	46518	35058	3749	135022	356343	188113	55929	1814	9905
"Bommor"	149918	1768810	367341	212421	1712514	297596	4018490	3949079	1132840	124800	78323	10098	240802	550323	254807	104978	3926	45899
"Mansex"	84919	1762616	319480	191235	1744273	84928	4109155	3876630	837808	69479	109524	8867	235333	567174	242370	118705	3893	25439
"Acypis"	99606	2611053	265321	252700	1850527	243534	5787443	5494832	781691	84412	51284	7215	345261	601188	278654	196000	6855	21277
"Rhopro"	59786	3088959	208336	352636	2032823	89642	5987659	5695764	905592	88196	69360	1967	261419	575947	247464	189779	6348	7872
"Pedhum"	17497	874518	33906	55664	260646	12584	1348686	1245093	190263	8992	4003	495	36277	73028	33733	7471	347	1592
"Dappul"	36114	724440	147717	115284	698436	23148	1419516	1110751	485936	50598	48179	3814	67706	203327	86490	61967	2581	10919
"Lepsal"	78930	4128041	173704	375609	3358575	90432	8841593	8108903	780436	185560	22178	609	480031	867398	414970	167403	5880	6409
"Strmar"	38115	946932	100448	106652	812554	32625	1846724	1567825	329213	46463	17755	3352	118004	280104	115680	66420	1983	4433
"Teturt"	11212	445316	23175	41700	444194	7235	1027074	910632	72882	19846	1617	98	47724	81040	42336	12897	379	720
"Vardes"	63495	853478	251797	124794	1326398	62385	2180933	2044770	657220	63395	69944	6460	173206	468587	165624	132317	4923	15668
"Metocc"	48991	486317	226338	189490	767736	33459	919795	345492	882232	65891	80046	7773	63287	185919	44325	74220	3980	23214
"Ixosca"	515860	5213616	2191025	810655	9035580	421770	12166064	10961249	6345132	566510	645324	79654	976695	3264991	884481	1115046	42114	234703
"Caeele"	15258	706159	57622	85139	405764	14274	1156433	796827	224706	20036	12264	784	46904	121014	49784	26254	642	3530
"Hetbac"	8748	374354	23618	49889	339598	10210	804815	730703	83926	14967	4131	266	58411	100572	39984	21142	498	904
"Strrat"	8366	367850	26692	15735	178413	5639	657271	633127	62647	7348	3366	323	25589	47559	25264	7305	373	2720
"Pripac"	27975	479318	96362	117180	640301	23825	1122739	641653	352377	35464	24743	2738	79126	172035	49924	66306	3895	6146
"Ascsuu"	42564	1401474	124820	212072	1196237	31730	2558889	1999654	417943	40765	24388	1745	267591	377228	97196	125136	2582	6259
"Brumal"	11368	545018	22320	58009	346100	11546	1002601	862738	88988	11054	2174	82	75203	98945	34354	29738	699	838
"Wucban"	10712	570144	20254	59016	309282	9374	990758	837500	84073	8798	1719	99	74108	94870	33732	21422	381	738
"Loaloa"	13268	586083	25928	70221	366329	12110	1033825	858586	113251	12289	2416	102	77485	108598	38926	24373	482	867
"Oncvol"	2946	161334	7749	20391	110131	2672	287241	232137	29057	3738	1392	89	20978	32305	10275	7492	207	335
"Melinc"	10953	666382	31008	48697	212978	13193	1044955	920164	140228	10662	6822	338	25661	61772	26969	13138	527	784
"Hetgly"	14980	576755	67224	60468	262891	11175	936961	673528	233013	23622	21682	1254	39224	68352	21926	15177	423	9189
"Burxyl"	15848	436512	65964	53372	319610	11972	736971	442998	246698	23994	21894	1278	27599	86675	34938	22700	826	3481
"Trispi"	10496	383436	39668	38263	272323	5130	680167	493735	98300	9205	11016	496	61377	103098	30574	24177	457	3251
"Triadh"	15348	461114	35022	50655	467443	14027	1073214	958496	95189	23019	4621	145	75020	130988	48144	36165	757	936
"Capowc"	5195	36831	40897	9196	160787	4501	95751	35302	99611	13179	17932	2461	12927	55602	10952	30805	1104	4803
"Gonpro"	14200	91452	63490	25210	258959	16766	231170	118792	212617	23852	19456	2004	18721	76402	22617	32450	2674	8527
"Batden"	2389	67919	7264	15100	164972	3048	184572	140460	24243	9718	1087	40	33394	56017	18866	15320	230	248
"Hompol"	2627	18247	21219	8881	164718	2780	58898	36885	45681	13826	8657	909	24501	57226	10724	34686	846	1506
"Spipun"	7512	48991	26572	12861	151345	8385	135001	89702	85333	13294	6165	580	16554	49716	14936	14690	702	1960
"Pir_sp"	5617	249116	9505	21973	116340	5850	523455	510422	26454	8002	271	16	15079	22565	12216	2524	60	340
"Allmac"	26017	42288	176325	12441	344246	22920	134085	39075	347534	56273	84114	21370	16616	100079	17625	47700	3029	28337
"Catang"	10166	27899	69899	9526	259584	10555	107333	36332	159039	36378	31736	6992	22096	89021	22455	19241	921	7633
"Concor"	1822	200282	4325	16808	85250	3401	392504	397219	14763	3565	404	13	14067	22028	8743	5860	195	152
"Phybla"	6959	159844	21672	26982	252334	10551	450601	395204	74015	17889	3626	132	34433	85895	34222	16710	484	1016
"Muccir"	4092	99063	14660	19438	261667	12429	257500	163575	41843	23516	3212	179	31628	91394	33741	18439	350	830
"Coerev"	3865	46473	20244	7757	118097	4558	131310	116287	51960	9763	6719	726	14891	48238	13820	20464	570	2264
"Morelo"	10958	50607	40765	14020	284850	15329	202771	147047	127238	33104	9578	694	25344	79478	22716	28713	1995	3899
"Vavcul"	2798	20836	5909	2030	36235	1620	51036	42950	12911	1844	618	12	5034	13574	4281	2967	113	217
"Hamtva"	1019	74102	1934	7016	31470	635	128623	120212	7865	995	158	3	5005	9070	4194	924	19	44
"Edhaed"	2829	436340	5343	27477	168808	1947	686025	636698	19646	2942	407	19	40989	54317	28122	3897	52	165
"Nempar"	358	14630	1536	2365	18798	304	37113	36430	5696	1235	397	15	4729	7068	1656	2533	75	55
"Annalg"	558	89528	1392	8029	43643	1190	160769	156909	6717	2048	206	13	9504	10815	5230	1719	45	38
"Enccun"	208	3606	1126	1064	13992	344	8255	7857	7738	1516	352	9	2008	4331	1108	2371	99	69
"Entbie"	369	21291	1583	1983	17594	254	40283	34169	7607	1481	542	42	3271	5161	1814	1122	63	163
"Noscer"	449	57603	1200	2593	24592	472	97520	97471	4305	698	132	3	4777	9338	4696	1006	26	37
"Vitcor"	196	13753	898	1726	15885	272	27406	26482	3213	1136	181	0	3194	5690	1579	1632	45	50
"Sphste"	29045	326233	105096	80336	738025	32007	838968	641672	361397	63589	26828	1893	89389	220793	71448	74694	4540	8849
"Jaaarg"	11472	82413	40352	24877	243347	13999	211924	106750	142417	25248	9349	545	20842	61539	18454	23029	1431	3853
"Agabis"	9763	80439	32856	19589	177160	8531	192665	120609	111636	15008	7345	635	16708	48501	16032	13771	744	2665
"Hypsub"	11208	103947	66103	24735	274332	13428	256840	143792	198052	24029	25962	2958	28824	93072	24142	35919	2257	11885
"Galmar"	15491	169703	63540	38050	320334	17242	381180	251467	209054	30034	17445	1050	27915	89282	25675	34844	2416	5972
"Amamus"	10148	78796	36007	20367	221959	10318	202663	128196	119503	19277	8555	685	22583	66192	20367	22943	1159	2884
"Ompole"	8385	69284	28000	18983	160370	8878	166930	86828	95151	11706	6453	360	16111	46424	14002	18838	914	2473
"Pleost"	8918	59541	40070	19924	205315	11478	160047	89873	136270	21118	12270	1070	19027	60754	16788	20850	1214	4700
"Gymlux"	16016	199580	54702	43775	372184	18766	455980	281183	194552	29912	12200	678	44977	107766	33560	46954	2221	3984
"Lacbic"	15022	158555	46506	33847	357810	15495	364004	212097	161160	35344	11304	824	34139	104219	32931	34473	2706	3589
"Plicri"	11489	53940	52768	13879	200830	10146	137859	69918	160285	17077	17377	1989	20480	70917	16065	27830	1765	8159
"Monper"	8176	52750	26356	14450	140213	9484	131591	78029	90661	12260	5744	341	12894	38912	11886	13498	733	2120
"Copcin"	12137	62107	44080	23121	195859	14182	162350	99104	151597	22842	10228	724	13989	50174	14111	20675	1423	4858
"Schcom"	10753	36033	72649	12665	231089	11590	100187	42704	199971	20367	29730	2505	16809	76937	14908	33939	2393	12074
"Hebcyl"	10249	105635	36641	27579	212583	10971	233022	135970	134720	22744	9098	818	20396	56518	15991	18953	1276	3928
"Pilcro"	11765	140045	43933	27208	332285	14907	344030	215834	156091	30481	10568	785	38436	104785	32504	34684	1788	3341
"Sclcit"	14091	94611	41918	26695	370077	17220	256025	152985	149061	39181	9163	645	39703	121544	35113	42446	2518	3842
"Pismic"	13735	84905	42720	22350	338553	17346	222404	123230	144987	33831	8677	617	36754	114185	33630	41169	2533	3694
"Serlac"	10692	92891	32170	19187	267327	11368	249723	169842	107686	27022	5773	362	26766	80858	28773	29391	1362	2508
"Conput"	12884	52791	60493	14305	269732	13000	151852	110365	182521	24129	20019	1639	26037	90003	23775	29865	1659	8690
"Paxrub"	7278	101563	25799	26844	384269	16507	265069	147564	118079	43590	5665	540	41748	122515	39283	40761	2536	2306
"Hydpin"	10845	57082	39578	15736	217911	12188	154482	96649	135071	20221	9967	739	19489	66566	18403	25698	1490	4224
"Suilut"	8752	84594	30592	20693	249930	10763	212762	129671	107106	20884	7245	594	27780	79563	21971	29156	1845	2608
"Aurdel"	22805	70268	165233	23618	419389	21190	193807	97684	445463	37649	74840	10969	30907	146812	25023	72063	5166	29414
"Glotra"	12425	45456	56217	15050	210666	13547	131973	78038	180898	20173	18257	1134	20007	67041	16407	31137	2019	7272
"Hetirr"	7982	53837	43289	13634	208176	8632	141539	77243	132811	18036	16007	2022	20440	65718	16038	23104	1544	6480
"Stehir"	15362	67411	59074	20338	271207	12964	181199	93915	190754	24628	15487	1104	24988	77984	20801	25872	1372	7232
"Tulcal"	18795	99163	74002	29736	277022	18266	250932	164336	247800	28335	19780	1472	21399	75498	19263	28730	1848	6862
"Botbot"	12348	83041	66268	20187	266018	13651	203538	128202	210424	27963	23467	2355	24448	82592	18767	30603	1831	9126
"Sebver"	10891	71886	46614	20079	200234	12252	188618	119009	139595	18282	12851	790	20565	57834	15453	15847	820	3729
"Pirind"	7626	41236	31070	12242	141642	7554	114060	53291	94812	14964	8612	572	13251	40096	10022	14181	645	2689
"Fommed"	6754	123593	24244	29859	258827	9729	382542	339120	101346	12074	5699	587	34713	95977	38323	23950	968	1819
"Phlgig"	9442	37792	50522	10992	185106	10410	102991	57814	143259	16619	19293	3073	14925	62515	15265	27576	1899	8095
"Fibrad"	7934	51783	36197	14094	183224	7610	137966	71675	118541	14623	11620	1314	19017	61292	15589	23461	1291	4244
"Dicsqu"	13267	36013	65701	12515	253024	14484	112841	52029	209311	22986	22210	2895	20816	84262	19984	33558	2353	8060
"Ganluc"	15710	43698	77637	15003	268324	15528	123355	81005	246958	27593	27255	4176	21967	87219	20319	32176	2319	10063
"Wolcoc"	15168	60510	70864	17689	339708	16239	192908	115888	202902	28000	23578	3194	37797	127331	34560	44339	2773	9501
"Traver"	15412	37641	84787	12463	267183	16289	106376	60018	257100	23682	32249	5665	21338	97460	21312	40558	3124	13432
"Pospla"	23050	78435	114270	25679	455610	22964	247481	130709	328059	37354	41128	4995	43673	161203	36254	62046	4169	13411
"Fompin"	13896	33520	70237	12082	263278	15113	108503	51111	212966	23121	24742	3422	24605	91889	19765	36107	2638	10052
"Cersub"	12239	53638	58574	16412	248739	12550	151704	66309	190395	19072	19943	2406	25056	89303	22089	35049	2410	7814
"Bjeadu"	12905	57138	64718	17937	245414	14154	151354	68865	200074	23518	22727	2971	17849	78525	20054	30850	2017	9008
"Punstr"	14054	36047	68310	12692	210855	11850	100770	55361	195379	19808	24387	1891	19684	69268	15006	23800	1699	10694
"Phlbre"	14657	67449	64082	19540	298481	14442	188533	111515	192662	22998	20363	2230	29750	104998	25941	45732	2756	8117
"Phacar"	14401	59627	73096	15294	279984	14220	163492	107777	204338	23101	26325	2796	24096	101555	23977	41806	2705	9350
"Triasa"	8663	12125	62133	4774	157136	7918	39881	31414	152395	15929	28528	3150	13254	54506	9934	24462	1743	9962
"Crygat"	5417	30724	21628	7242	98681	5496	88500	64194	60482	8693	5452	405	9774	28679	8661	9303	445	1914
"Tremes"	8942	55640	24438	15780	164807	9059	145804	73971	87958	13147	3796	240	13583	45120	19220	9951	597	1981
"Dac_sp"	9318	34137	38866	11085	180185	8869	103211	57892	124356	15472	11415	693	17054	62398	15657	22189	1445	3995
"Walseb"	2202	30459	5415	6526	41423	2465	80878	64370	14762	2548	576	55	5479	11705	3759	4080	121	490
"Usthor"	5748	20180	26740	6569	116143	5457	59426	32232	67115	9706	7841	366	10649	38572	8836	17411	648	2613
"Malglo"	2011	14144	12993	3764	73533	1949	36072	17284	31354	6791	5047	421	9805	31125	6870	6591	320	1479
"Mixosm"	3951	12743	27824	4284	87419	2879	39240	8355	61813	5811	11769	632	7895	31372	5003	16746	777	2399
"Rhotor"	6974	6726	49058	3171	85306	4774	21821	9810	112558	5169	22255	1628	2984	28891	4011	17380	1383	6607
"Rhoglu"	6706	6468	48461	2959	84934	4889	22183	11559	111627	5168	21713	1642	2856	29032	4087	17056	1305	6473
"Sporos"	9412	33887	27808	13433	70743	9521	73582	14720	97306	3741	5571	399	2641	17534	4931	10565	421	2226
"Micvio"	10648	33398	50174	10466	128682	8424	92799	41891	132524	11243	17114	1313	7689	37813	8759	14647	828	6966
"Pucgra"	21793	285456	79007	58228	446983	23621	621389	398191	247904	36124	20624	778	42074	132895	57742	34858	2725	5835
"Mellar"	23911	342314	65481	68738	534765	24089	786118	519135	222357	33294	11866	915	49191	151057	67224	31328	1692	4718
"Croque"	10324	184269	30325	33539	339322	14304	444132	309694	98957	25913	6081	303	29500	108598	46870	21481	1039	2113
"Schjap"	3514	31253	11843	7510	56982	2639	84264	69292	32780	4302	2559	143	6351	18517	5788	5727	168	849
"Saicom"	5417	16534	22028	5832	71876	5473	47162	30608	62536	6989	6185	472	4815	20291	5325	6018	215	3122
"Tapdef"	4370	28791	18273	8363	84933	4415	76575	23347	54780	7692	5562	275	7195	24793	7259	11778	688	1448
"Thelan"	6434	37757	38214	12105	120701	6200	95484	46698	112543	13845	15027	1566	10142	34085	7523	16553	1064	4379
"Mel_sp"	15092	116007	100167	23897	305842	19218	327818	269775	279126	35683	43637	3536	22684	93515	22778	45912	3971	11573
"Conapo"	8277	33278	55496	9762	157587	8556	100929	88186	145620	15528	22370	2243	11145	48639	10051	24314	1252	6308
"Artoli"	14090	124192	51083	30741	204200	16175	282496	225472	162424	19980	12804	680	32647	64857	19655	21155	1273	3937
"Tubmel"	64729	271408	145319	72532	695286	51497	758496	599530	436939	63559	24215	1110	53472	188275	70723	60728	4244	8317
"Dalesc"	10507	75646	47665	19045	186488	23596	206894	182046	146748	16211	14732	1120	18775	57256	19376	15702	809	4480
"Hyp_sp"	11483	136417	51784	22102	218280	22217	356864	327815	156479	20018	16805	1222	20758	69015	25252	18539	1150	4466
"Colglo"	16614	75691	107132	23202	352647	19788	213155	116743	286825	37753	44281	3369	24255	106464	25081	44878	2678	13331
"Glogra"	14806	60376	94157	15636	264181	19412	219401	211182	241414	29968	41404	3369	18609	80645	19685	30964	2204	11584
"Verdah"	8328	32388	69829	11074	225654	14792	96134	53528	168025	28185	35515	3297	13374	68290	17933	27962	2074	9748
"Acralc"	24904	64649	112809	20039	167788	22015	247599	373452	311030	23653	42283	3251	10254	46530	12485	17117	1525	9626
"Fusoxy"	13991	101400	68052	28534	373410	19809	305519	222289	209884	37423	21163	1305	33707	104385	28518	38928	1907	5218
"Gibmon"	9181	65789	44719	19163	268074	14910	203113	138623	139366	27400	13417	824	23121	74427	19935	27160	1256	3699
"Nechae"	13130	63832	74810	19651	328567	16743	205652	159932	219873	40452	27573	1798	23763	89348	24013	32254	2070	6677
"Triree"	7416	35509	63833	10410	215150	13568	114268	69058	164721	25055	30486	2570	17109	70164	19542	33073	1970	7228
"Cormil"	7899	47673	68714	10911	190808	13117	143013	103046	155758	23649	35710	5001	12834	57975	14946	26055	1879	10637
"Beabas"	7689	57638	62335	13603	214018	11890	161415	93852	149077	23866	30184	3656	17137	67851	17083	28817	1698	8272
"Metacr"	9637	69937	62790	17190	252589	12612	197789	131301	174448	30691	25869	2008	20375	79932	24185	25843	1533	5869
"Neogan"	5633	56026	37907	12839	174478	7306	166818	117249	108555	20251	15874	1204	16134	55755	18707	16028	971	3724
"Peripo"	7998	64923	49929	17907	241562	9768	185839	93779	145791	25577	19403	1522	21648	73109	18651	25904	1352	4644
"Acitak"	7267	132263	59398	20684	216853	12641	397334	486145	173728	24982	26575	2845	24784	73857	19243	30031	1866	6377
"Clafus"	6726	150562	48153	24383	201463	10479	390935	403920	131559	22378	21767	1999	20401	69457	20135	22768	1095	4887
"Epityp"	5105	87387	37648	16770	177309	7386	289506	282364	111361	20770	16506	1331	14847	59680	20130	16931	1090	3760
"Apimon"	14306	61368	89294	17192	310597	18137	196512	127226	242153	37822	37898	3505	28188	97051	25296	35567	2568	10015
"Magory"	14214	74258	84846	16517	242261	21111	192401	127811	216739	28937	35862	2957	18459	74706	18319	33499	2984	9156
"Gaegra"	13201	51515	112901	9429	239540	15537	130085	102660	271571	33488	63117	8100	14852	74925	15573	35726	3246	15388
"Ophcla"	3560	29274	20862	6340	72342	4387	75616	52199	62226	7717	8011	582	5045	22102	4946	9713	637	2426
"Crypa2"	9650	66674	63344	19336	257674	12224	188603	121236	174513	27026	26816	2142	24688	80206	18868	46211	3546	7072
"Grocla"	12115	32436	83060	6874	152974	6380	103153	84952	171779	17011	41006	3669	12103	51310	11597	34659	2377	8046
"Sormac"	15193	48812	74236	14069	230591	19242	137887	95490	197343	27154	25745	1963	14180	64235	18345	20380	1106	7855
"Neucra"	13122	68957	68947	15688	214043	21720	187394	139498	188253	24801	24562	1670	13422	60475	17094	19751	1091	7054
"Mycthe"	11828	47740	82050	14548	173868	15122	152398	156833	218858	19630	39048	4619	9830	53582	12056	24562	2096	10316
"Chathe"	8401	36172	53247	8854	170754	9751	108427	87577	143583	18860	22113	1582	12475	51546	11420	23174	1503	5254
"Thiter"	10782	32940	96558	10950	172088	12368	112262	111126	224738	21754	51414	6046	9428	52564	9530	31092	2646	14306
"Geodes"	5729	45422	34468	12885	150428	6971	134622	104419	102369	15868	12821	1268	13423	41674	10977	15278	658	5008
"Oidmai"	9636	104701	53255	25395	250988	12522	285325	221896	175134	25109	17985	1367	23644	72896	18229	33522	1702	4085
"Marbru"	18040	118959	61908	27640	181186	15975	337887	374164	174943	18913	18643	1965	20529	56048	13182	21493	1086	4553
"Botfuc"	8834	141950	30016	33244	230091	11133	328135	200626	103809	18305	6633	420	28634	65778	21274	18563	595	2234
"Sclscl"	8355	128741	26803	28276	204397	10828	307798	213868	97336	16267	5392	449	26909	53556	17126	16227	626	1815
"Glaloz"	9118	103755	37916	26196	210722	11232	258666	160736	122871	17927	9990	683	17628	59987	19235	19262	701	3265
"Erypis"	8934	283499	33485	43213	328716	11829	620440	504988	122486	23123	7895	726	34867	86817	31106	24290	725	1468
"Blugra"	20878	334535	86933	61513	563759	23522	757662	530528	275080	49099	26491	1259	48126	150970	49596	58595	2253	4599
"Exoder"	9465	37877	50428	12076	162311	10500	110791	58454	140124	19689	18091	1488	12080	46542	11938	22211	1089	4774
"Artben"	6345	38733	34648	10231	132475	6696	106665	86032	101929	17232	12452	839	14263	36259	8986	18301	1081	2578
"Trirub"	6144	40442	33567	10158	130000	6590	110250	88604	98340	16644	11649	758	13938	35221	8631	17613	1057	2432
"Ajecap"	7055	83275	32680	19367	172940	6339	200537	142167	113619	17835	10157	793	16586	50017	13833	19239	1012	2829
"Parbra"	5741	85632	26230	18651	165179	5602	205161	164260	97865	16099	7632	519	16914	47293	13603	19934	930	1912
"Cocpos"	7080	72372	34273	17678	153724	6164	174123	127213	112491	16225	11003	649	15853	44319	11786	18001	914	3076
"Uncree"	6645	54078	32970	15309	129032	5153	132109	83469	104417	14874	10705	733	12124	34789	8604	14927	819	2926
"Ascapi"	5836	42763	25398	11263	127058	4820	129364	62049	70077	10021	7098	438	14091	35502	9048	13643	453	2461
"Aspfum"	8674	49705	42217	14811	177166	9446	144225	89899	128668	19264	13315	1054	15403	49090	11812	23471	1338	4255
"Pendig"	8640	62026	35310	15344	157038	7967	152705	90139	114028	17146	9675	641	13643	44864	12923	15421	841	3641
"Talmar"	9635	62826	37612	17427	171434	8482	174548	102927	114105	16769	10179	636	18400	50255	14512	15151	640	3135
"Neofis"	10170	56761	49109	16942	197975	10816	164873	106914	145835	21813	15790	1237	17610	54080	12966	27552	1762	5151
"Eurher"	9745	51183	39470	15976	158859	7971	143801	90463	127240	17961	10294	828	15271	45050	11723	17064	851	3900
"Xanpar"	11297	54082	51076	17180	172711	12919	155795	107293	153692	19882	16703	1183	13694	47805	11756	21266	1342	4787
"Clagra"	7401	92865	36918	19905	199155	11743	252752	188931	120911	18917	12052	798	20454	57582	13664	21664	1094	2804
"Didexi"	9630	37043	52703	10708	203426	12562	126863	92399	132579	20473	20875	2304	15142	72074	17194	39596	2019	6749
"Coclun"	7683	44860	42508	12574	215700	11420	127931	74375	118856	26348	15513	1327	18954	72918	19280	24206	1200	3903
"Settur"	7467	47037	51460	13315	254991	11033	146309	111284	138935	34684	22480	2410	23033	92731	24686	31644	1668	5337
"Pyrter"	10037	43321	47675	11864	227250	13764	131283	82416	130389	27499	16243	1322	19066	79989	24124	24008	1138	4350
"Altarb"	9339	43328	44115	13317	232519	13768	130887	74697	126470	25181	13910	1090	20188	80109	21997	26397	1262	4159
"Phanod"	8751	56936	48486	15481	244721	11962	169206	104190	138762	26001	17887	1400	22650	86377	22529	30985	1357	5629
"Aurpul"	5560	37645	27450	10630	183130	8054	112393	50571	77093	17909	8998	555	15853	57083	15365	21212	961	2349
"Clasph"	6324	27238	54896	8420	156693	7242	78973	34575	133679	15841	26817	2678	10642	51155	10087	23359	1577	8586
"Zascel"	9198	45583	62504	16261	245328	9940	126582	59117	165063	26723	24942	1764	18808	80713	19310	33871	1621	7869
"Cerzea"	8886	61482	54709	18494	196266	9395	194550	170111	160406	19869	22192	1957	18300	70104	16981	30829	1278	5639
"Zymard"	9292	41092	57940	14094	197282	9054	112683	44623	164310	20587	22320	1564	15440	65195	14459	23330	1127	7511
"Mycpop"	8226	43187	44669	16538	158165	16934	123919	82301	135638	16226	15961	1278	12908	59368	23075	22877	1245	4203
"Baucom"	7797	15441	48664	4868	143394	7948	56855	41145	121828	13543	18883	1467	11640	49642	9266	22584	1087	5485
"Macpha"	14590	76298	105744	20829	262593	12302	214553	168839	268094	28968	48256	5085	19047	82768	15551	41412	2529	14216
"Aciric"	8228	70978	47506	17014	177826	6665	174973	110765	135280	16198	18138	1609	17043	58702	14121	20252	858	4900
"Clalus"	2755	33166	11227	7173	71313	2490	84032	52921	34367	6487	3454	402	7670	21735	6813	5565	201	1061
"Metfru"	6211	80224	29296	16445	145443	5300	180736	93346	83393	11656	9862	764	13971	41701	11782	11147	635	3130
"Hypbur"	4096	58852	8950	9849	49032	3477	132315	109223	26122	4001	772	33	5616	9172	3592	2917	41	482
"Lipsta"	7040	57004	29897	13078	113551	5910	146574	98053	86162	8944	9150	868	11512	35349	9096	13065	450	2742
"Saccer"	2928	52412	7718	8276	56119	3595	111410	88511	23970	4576	1161	83	6689	14806	5154	4613	187	509
"Pactan"	1579	78703	3206	7835	42660	1846	147335	127350	10544	2428	296	51	6130	9289	4259	4313	115	149
"Vanpol"	3062	73684	5472	12003	55463	4553	162067	137479	13739	3726	279	7	8604	13209	5934	3355	77	257
"Klumar"	3125	35262	7426	7955	51171	3822	88072	69171	24833	4564	992	65	5918	13970	4897	4161	165	585
"Naucas"	2061	52262	5063	9352	54450	3703	114713	93597	17052	5478	542	19	7069	12824	5339	3383	158	310
"Dekbru"	763	13200	2654	2347	16243	652	31453	24839	9782	891	660	28	2245	4678	1390	1384	41	127
"Kompas"	2077	31200	5230	6508	45292	2692	77456	53539	18522	3929	737	30	4375	10909	4028	3993	149	329
"Lacklu"	4380	40947	11539	6784	56227	4115	89611	71072	30164	5167	1925	104	5115	16139	5853	6106	248	1022
"Cybjad"	4343	30084	12099	7880	69684	4054	83028	58930	32479	8320	1841	46	5414	17748	7052	4894	106	1405
"Wicano"	3150	126151	7780	20706	116047	4816	271929	206159	20486	8284	668	50	11210	22495	11073	6395	136	325
"Pickud"	2617	41526	6611	7691	52178	2938	95395	70832	20331	4088	957	37	6338	15291	6065	4413	111	417
"Canalb"	2117	72791	4806	9892	56716	2774	163352	125361	15622	4242	415	13	8003	13105	6135	3140	87	243
"Ogapar"	2764	25133	12670	4849	44994	2185	59330	31114	34452	4216	4275	417	3140	12083	3678	6108	175	1099
"Meygui"	4289	34860	11303	6929	57084	4072	87841	46459	30465	6771	1725	185	5379	13809	4568	3652	223	883
"Debhan"	2309	55838	5541	10052	51167	2745	123747	101144	16931	3583	563	29	8400	13145	4913	3022	55	284
"Babino"	7718	32360	24902	6748	80013	6565	83335	72435	69720	8411	5169	593	7429	24171	7310	5212	315	2721
"Spapas"	3424	55451	7815	10666	65381	3464	133042	102248	24484	6229	676	35	8358	15772	6597	3422	113	549
"Lodelo"	2958	56818	7025	6572	60926	3395	143947	104384	20241	4795	825	31	8973	16936	6945	5279	132	458
"Ascrub"	2358	94971	6904	11875	57947	1488	193358	158195	19108	4036	1250	69	6345	12737	4975	4573	100	544
"Hanval"	660	57170	1678	5061	32571	979	114658	105183	4533	1895	30	0	3907	7496	4208	1722	54	56
"Nadful"	3989	51904	13238	8993	58852	4957	124354	106999	36915	4966	2681	163	5117	12866	4495	3441	131	892
