Plaviv	493	10265	1434	1117	14157	652	22382	20144	5216	857	303	194	2197	5736	2122	1559	140	146
Babbov	87	620	214	124	1664	159	1585	1498	748	242	41	4	236	412	162	157	4	15
Thepar	12	630	55	78	793	62	1690	1531	188	65	4	1	71	228	164	58	1	8
Crypa1	1	92	1	4	71	2	187	154	24	1	1	1	16	36	20	8	1	1
Hamham	166	727	1013	233	3182	127	1896	1006	2725	210	327	26	344	1259	215	622	26	120
Toxgon	306	1055	1614	417	6234	232	2982	1473	4817	398	582	91	613	2536	550	936	62	201
Ichmul	1	5363	8	325	1876	26	10494	10824	138	24	8	1	464	741	446	41	12	1
Oxytri	487	101863	1269	14712	70761	1443	207265	202840	4616	2089	133	4	9505	17773	5554	3926	89	72
Partet	35	12005	83	2264	8679	137	27498	24549	349	382	1	1	1673	2328	1024	421	14	4
Stylem	1	96	2	8	55	1	193	180	4	1	1	1	6	13	2	4	1	1
Tetthe	24	14775	45	952	4160	73	28590	28603	237	43	4	1	997	1261	460	239	1	6
Permar	6676	48495	22274	13562	133628	7491	120304	81833	80992	10581	5204	353	12189	38505	10679	11898	463	1390
Enthis	25	16388	47	1080	13331	44	45331	43445	265	429	8	1	1992	3169	1878	240	17	1
Acacas	946	1941	7671	594	16294	1877	5928	3626	15156	1833	3996	503	667	5110	1352	3143	327	1549
Dicdis	97	18831	249	2122	7275	403	36335	32180	557	306	10	1	1197	1918	1020	151	1	16
Polpal	81	2975	159	587	2446	130	6865	5404	550	101	17	4	251	725	441	103	2	24
Guithe	1870	7417	7619	1551	37881	2510	15528	7518	21641	2969	3890	354	3103	14747	4284	6208	617	477
Leibra	505	712	4333	208	9586	493	1934	1374	9254	817	2153	357	504	3410	471	2259	221	644
Trycru	10095	98489	54604	13281	192592	4897	186195	78876	149336	12497	24525	9999	17936	71675	19399	51366	2613	7400
Gialam	309	436	2062	124	6584	340	1962	1921	6023	296	983	68	622	3200	883	1301	117	210
Emihux	14638	34068	250594	9985	281135	14317	74373	45334	488728	23190	159586	36397	9806	100286	15284	84424	6617	58739
Naegru	55	9915	169	1606	8833	269	21096	15177	669	372	29	1	897	2513	1413	430	12	1
Monbre	599	1648	2761	240	11787	638	4759	2287	6891	1096	1018	59	1067	3691	779	1543	62	282
Sal_sp	342	666	2893	241	13004	395	2460	1221	6278	897	1416	157	1232	6137	1184	2523	224	408
Allmac	1440	4257	10329	997	26319	1548	11799	4461	21919	4129	4886	1014	1643	8109	1452	3569	182	1442
Catang	1243	3986	9856	1374	39599	1514	15093	5214	23008	5476	4655	1023	3454	13515	3311	2670	106	1187
Gonpro	229	1530	875	378	4434	323	3921	2205	3014	347	264	12	334	1374	468	793	343	91
Batden	281	5303	675	1362	17160	292	17867	12317	2338	576	42	5	4085	6787	2630	1247	2	25
Hompol	10	63	145	33	1510	18	203	154	266	116	90	2	173	576	105	354	6	6
Spipun	99	1156	355	370	4126	348	2746	2066	1296	338	50	4	336	1284	385	473	2	28
Acitak	12	1274	140	286	1663	32	4274	7260	905	34	16	1	73	129	10	440	12	2
Aciric	330	2967	2044	669	5736	331	8510	8041	5514	456	728	31	552	1825	410	784	17	232
Acralc	216	775	761	188	271	97	2808	5508	2536	40	200	36	8	85	15	58	4	18
Ajecap	938	4853	3465	1543	13272	579	12472	10300	10090	1376	1026	120	1004	4123	787	2198	119	401
Altarb	1	8	1	1	10	1	19	24	7	2	1	1	2	4	2	2	1	1
Apimon	16	102	101	16	341	20	359	249	276	43	43	8	52	118	45	38	6	16
Artoli	1	15	2	1	5	1	31	29	11	2	1	1	2	4	2	1	1	1
Artben	1	36	38	8	66	20	88	82	115	16	22	4	8	38	4	4	1	12
Ascrub	27	1355	112	182	1337	30	3071	2185	344	133	18	1	152	345	105	89	4	10
Ascapi	1142	7865	4930	2100	25239	935	24374	11210	13945	1946	1405	94	2579	6951	1701	2379	70	528
Aspfum	26	666	211	237	1897	28	1780	1903	901	263	78	1	129	483	55	323	6	21
Aurpul	4	10	16	1	56	4	27	31	31	4	4	1	2	14	1	8	1	2
Babino	6	30	14	10	60	1	95	97	47	2	2	1	8	29	8	8	1	1
Baucom	1	9	11	2	72	2	36	34	48	10	6	1	6	17	4	16	1	6
Beabas	8	53	57	11	260	20	169	100	184	20	24	4	32	92	18	33	4	10
Blugra	4391	70623	18768	13465	126851	5052	165765	113744	61616	12009	5600	366	11320	33158	10186	13571	389	986
Botfuc	21	366	102	123	534	52	990	667	272	82	35	1	40	183	56	108	1	16
Canalb	112	1418	234	205	1322	40	3407	2807	621	89	58	1	141	365	206	87	1	14
Cerzea	186	1639	569	331	434	183	6317	10361	2027	6	192	28	344	325	81	270	6	4
Chathe	6	91	31	37	271	8	239	177	203	55	20	1	22	78	24	41	1	8
Clagra	291	2890	1315	621	7163	376	8214	5876	4179	596	357	33	739	1868	441	654	22	86
Clasph	1	1	1	1	1	1	1	1	1	1	1	1	1	1	1	1	1	1
Clafus	43	6568	954	1322	566	224	11910	11461	1259	15	900	1	27	471	10	1203	1	1
Clalus	19	186	74	41	318	6	388	287	195	18	33	6	48	90	15	24	1	17
Cocpos	13	1171	95	192	1233	22	2650	1894	386	94	36	1	113	358	111	142	12	11
Coclun	2	38	20	7	111	6	138	203	114	12	8	1	1	32	14	33	4	1
Colglo	36	31	57	15	170	4	70	100	183	12	13	1	17	74	31	28	1	4
Conapo	8	192	46	52	125	16	894	1239	182	2	6	1	1	36	14	10	2	1
Cormil	1	190	11	19	13	4	392	485	14	1	2	1	1	13	13	1	1	1
Crypa2	64	540	422	178	1709	64	1594	1228	1265	194	141	6	119	438	41	249	4	31
Cybjad	225	1332	610	338	3252	263	3809	2679	1575	388	103	2	277	859	321	319	14	78
Dalesc	1	1	1	1	1	1	1	1	1	1	1	1	1	1	1	1	1	1
Debhan	1	1	1	1	1	1	1	1	1	1	1	1	1	1	1	1	1	1
Dekbru	6	138	8	31	157	12	326	402	26	1	2	1	11	79	10	1	1	1
Didexi	54	406	509	120	1927	366	2665	3360	1039	149	303	104	38	711	146	790	31	109
Epityp	2	3031	21	278	576	127	14427	18523	233	12	8	1	31	414	139	60	7	6
Erypis	1430	37844	4909	5788	44669	2029	89377	75649	19178	3479	1033	109	4510	11458	4060	3310	105	245
Eurher	17	567	131	199	1506	45	1663	1261	647	132	46	1	210	363	77	134	1	26
Exoder	12	63	26	12	91	23	229	239	93	8	14	1	8	32	6	8	1	1
Fusoxy	3346	24662	17725	6793	77304	4500	71351	55213	54133	7639	6226	350	7228	21616	5852	8709	438	1193
Gaegra	177	932	932	99	1449	109	2321	2212	2356	174	422	19	144	440	74	163	20	96
Geodes	126	1477	517	520	4469	206	5006	4162	1947	330	170	2	432	1107	410	406	13	24
Gibmon	8	520	128	80	439	13	1243	1119	497	33	30	1	72	135	22	37	7	16
Glaloz	1	1	1	1	2	1	1	4	2	1	1	1	1	1	1	1	1	1
Glotra	567	2880	2275	687	10018	496	8488	5335	8412	914	623	35	1148	3050	1001	1228	70	248
Glogra	9	1396	133	295	337	106	6265	8234	341	29	40	13	14	145	27	32	1	14
Grocla	120	281	276	76	560	6	931	1416	661	50	77	8	66	209	14	72	2	38
Hanval	37	2430	83	235	1521	38	5154	4703	244	117	8	0	165	357	204	95	6	2
Hypbur	8	70	10	22	92	2	170	143	24	4	1	1	12	8	2	4	1	1
Hyp_sp	1	382	5	1	48	8	889	963	22	5	1	1	4	26	12	5	1	1
Klumar	34	105	56	32	221	35	311	271	147	47	2	1	21	51	12	20	1	2
Kompas	1	8	1	2	22	1	36	14	15	2	1	1	7	4	2	6	1	1
Lacklu	201	639	719	141	2016	162	1739	1182	1760	204	197	8	134	640	187	401	44	75
Lipsta	223	1453	619	279	2886	263	4393	3123	2006	337	174	35	233	834	189	326	2	66
Lodelo	91	939	243	134	1677	55	3132	2499	817	190	22	1	361	396	97	123	26	24
Macpha	48	390	276	137	667	32	1257	1260	845	59	109	6	51	193	55	91	1	27
Magory	1432	11112	8582	2805	13357	1482	24556	20489	24173	2209	2932	168	545	3101	511	2139	638	528
Marbru	16	660	40	175	318	10	1810	2037	132	84	2	10	37	127	25	30	1	1
Mel_sp	1	498	50	31	118	8	1377	1354	155	6	42	1	1	21	21	22	1	6
Metacr	146	2484	954	311	4241	242	7535	7850	2700	476	385	22	456	1371	469	440	24	81
Metfru	1779	18082	8905	3822	37625	1646	43393	20158	24210	3416	3182	224	3132	10572	2996	3305	231	995
Meygui	17	166	37	24	203	18	302	199	109	25	1	1	31	58	15	4	1	1
Mycpop	494	1987	2634	1103	229	1088	6184	8166	8548	1	879	60	83	185	28	95	12	145
Nadful	8	43	16	10	66	12	87	100	57	18	1	1	6	10	8	41	1	6
Naucas	47	445	134	150	897	98	1116	995	438	138	50	1	82	209	73	47	6	11
Nechae	268	953	1588	280	2982	276	3784	4140	4328	258	694	32	320	922	150	436	4	70
Neofis	100	2601	744	367	3459	149	6170	6280	2037	643	324	4	392	744	136	439	57	93
Neogan	10	885	79	77	523	40	3768	4498	288	34	30	4	130	154	38	52	1	2
Neucra	90	497	379	87	866	149	1296	1173	926	129	139	8	72	279	38	91	12	50
Ogapar	6	40	16	6	71	6	96	86	46	8	1	1	16	13	2	14	1	1
Oidmai	57	263	261	54	663	12	1155	1231	771	36	43	22	175	310	84	125	52	6
Ophcla	1	4	1	1	2	1	20	30	2	1	1	1	1	2	2	1	1	1
Pactan	2	17	4	1	12	2	28	30	10	1	2	1	4	2	1	1	1	1
Parbra	41	1441	578	478	2741	43	3198	2496	1570	313	246	10	133	578	115	492	35	67
Pendig	224	1391	1069	447	4166	243	3957	2711	3020	374	390	37	471	1166	442	287	10	105
Peripo	2	13	24	1	65	10	47	19	49	4	8	1	8	12	2	13	1	2
Phanod	29	1077	425	168	1465	98	3586	3789	1100	306	155	7	175	589	35	291	7	121
Pickud	1	3	2	2	10	1	17	13	4	1	1	1	1	6	1	1	1	1
Pyrter	167	1110	906	270	4178	234	3449	2778	2625	499	347	39	276	1360	386	656	30	77
Saccer	164	1829	323	266	2559	186	4096	2884	788	124	18	1	249	898	180	190	1	20
Saicom	1	2	1	1	9	1	4	2	3	1	1	1	1	6	2	2	1	1
Schjap	143	1429	544	382	2148	164	3771	3314	1759	228	154	14	191	764	210	266	8	10
Sclscl	220	2921	568	910	4232	157	9970	8060	2815	204	79	1	619	1073	316	357	3	22
Settur	159	1716	737	504	4650	142	6168	7923	2935	604	322	120	328	1398	296	985	60	80
Sormac	98	160	267	57	1066	86	580	432	768	102	85	6	44	248	88	75	1	53
Spapas	16	252	55	44	352	14	618	457	171	18	15	1	19	69	27	26	1	1
Talmar	440	2487	1373	681	5849	118	6696	5056	5393	797	396	54	461	1494	234	484	5	176
Tapdef	1	496	79	244	1306	48	1364	626	831	136	34	1	60	532	202	202	6	1
Thelan	4	47	24	4	139	4	94	61	78	14	14	1	10	47	2	6	1	1
Thiter	134	384	783	146	1982	132	1575	1452	2449	222	357	72	30	760	214	366	48	130
Triree	1	49	44	4	27	1	170	188	47	10	18	1	4	6	1	4	1	1
Trirub	20	149	104	34	453	10	392	332	283	60	44	8	84	161	38	38	2	12
Tubmel	1890	6436	4117	1554	21862	1152	18133	20917	12894	1939	725	16	1241	5702	2118	1595	180	177
Uncree	21	344	141	72	604	28	714	599	608	60	53	1	38	174	10	84	1	28
Vanpol	736	1532	824	517	1875	1016	4786	3023	1147	86	10	1	123	269	104	43	1	10
Verdah	97	914	628	336	3400	109	2504	1778	2321	402	248	99	256	656	80	279	4	35
Wicano	324	10820	694	1776	10263	484	24162	17759	1649	730	30	2	1027	1956	958	580	7	34
Xanpar	139	475	585	246	616	143	2115	3268	2031	62	155	10	50	186	39	180	23	35
Zascel	4	57	34	21	163	12	222	242	123	22	8	1	12	69	11	63	9	4
Zymard	6	8	16	1	13	2	26	62	42	2	7	1	1	2	1	1	1	6
Agabis	598	3009	1558	690	7271	261	8257	5558	4970	641	294	90	702	1914	950	477	31	43
Amamus	443	3841	1658	1038	11272	485	9814	6429	5594	986	343	32	1186	3460	1034	1093	42	144
Aurdel	1182	4429	7964	1035	19005	1090	11023	6275	21556	1553	3442	568	1530	6439	1260	3014	177	1313
Bjeadu	389	1911	2262	449	7675	417	5009	2475	7298	709	881	138	587	2600	790	998	72	335
Botbot	192	2270	931	283	6075	265	5308	3043	4077	604	316	18	472	2040	702	476	21	95
Cersub	246	1304	1465	398	5508	267	3852	1923	4659	402	567	61	605	2055	588	792	35	133
Conput	184	1373	1073	339	5320	210	3802	2859	3500	487	320	66	445	1828	515	472	27	91
Copcin	450	2480	1823	998	7198	672	5806	3660	6576	971	402	38	390	1754	495	563	72	182
Croque	147	2617	460	630	8980	268	13139	5886	1722	509	132	16	554	4726	1050	504	19	34
Crygat	26	59	68	14	308	20	215	193	154	38	18	1	43	70	30	19	1	4
Dac_sp	126	591	473	232	3596	541	1855	999	1542	261	113	8	305	1415	273	368	13	40
Dicsqu	520	1555	2367	425	9704	789	5233	2726	7539	937	662	54	779	3187	1066	935	31	198
Fibrad	1	16	14	8	64	4	37	13	45	6	6	1	11	24	6	8	1	2
Fommed	113	7401	239	1498	12193	267	26615	25662	1137	215	31	1	1692	5129	3280	701	4	12
Fompin	418	1366	2059	356	8972	384	4225	2199	6472	778	662	99	972	3330	894	1203	76	298
Galmar	369	5068	1450	745	7189	445	10251	7179	4901	539	424	17	619	2207	754	667	101	172
Ganluc	574	2235	3232	668	11558	675	6458	5181	10883	1227	991	164	919	3824	1133	1230	58	269
Gymlux	211	4392	856	891	8073	373	10752	7268	2772	765	212	4	1050	2476	939	1065	25	53
Hebcyl	414	2415	945	565	4483	285	5168	3124	3147	463	240	12	393	1184	373	372	16	115
Hetirr	413	3467	2204	847	12725	676	9066	5243	8611	1344	695	81	1281	3574	878	960	58	174
Hydpin	423	2775	1692	770	10812	639	7552	4967	6315	1078	448	20	945	3344	1055	1263	56	177
Hypsub	386	4240	2097	854	10326	530	10231	5791	6348	1016	822	57	1087	3367	979	1124	71	257
Jaaarg	168	1249	437	351	3112	151	3081	1663	1547	367	80	1	302	747	236	226	8	45
Lacbic	3697	34104	9127	6459	72278	2709	78497	47738	28574	7762	2052	95	7390	21450	7371	6714	492	557
Malglo	1	126	33	33	425	30	325	128	194	29	10	1	77	137	20	24	1	7
Mellar	2756	37948	7239	6876	58945	2520	88497	61379	25564	3352	1172	91	5700	18341	8619	3277	175	446
Micvio	196	607	918	189	2586	135	1932	861	2787	271	279	22	127	788	164	263	29	133
Mixosm	4	6	48	2	100	6	26	5	103	6	36	1	16	37	6	16	1	1
Monper	46	595	133	146	1088	88	1482	1037	688	102	12	1	113	292	76	75	2	12
Mycthe	65	612	211	330	1614	135	1261	818	1053	315	87	1	9	432	148	151	5	2
Ompole	13	91	18	26	255	18	265	209	103	34	4	2	21	59	20	32	6	2
Paxrub	211	4087	783	1033	15148	615	10905	6187	4318	1894	204	19	1591	4949	1749	1582	108	88
Phacar	760	3615	3704	845	15100	663	10153	7262	10444	1168	1311	126	1277	5606	1531	1872	122	471
Phlbre	1011	5549	4587	1532	21784	990	14703	8998	13752	1520	1433	137	2203	7785	2257	3038	162	537
Phlgig	22	107	170	22	513	14	275	139	434	62	87	8	50	211	56	74	1	35
Pilcro	530	8837	2043	1513	19262	877	20773	13559	7409	1753	489	40	2322	5939	1909	1783	82	163
Pirind	165	974	646	234	3316	178	2747	1259	2065	272	189	4	246	926	222	237	8	53
Pismic	971	6178	2701	1372	24260	1173	16808	9682	9704	2295	560	46	2621	7750	2296	2668	159	259
Pleost	445	4208	2112	1433	14744	803	10515	6433	10379	1763	712	71	1228	4645	1505	1361	150	143
Plicri	290	1971	1376	358	5022	268	4400	2117	4332	383	533	49	453	1794	480	535	71	198
Pospla	6080	16907	28833	5813	104219	5873	53500	27435	80449	8594	10706	1266	9007	35814	7360	14013	918	3170
Pucgra	2244	34390	7430	6844	50304	3341	77050	52244	24383	4158	1615	73	5492	16375	8332	4006	295	571
Punstr	332	987	1337	279	4580	298	2592	1469	3977	484	374	18	377	1394	337	371	32	165
Rhotor	6	10	55	4	70	8	18	18	103	4	32	1	2	26	6	4	1	8
Rhoglu	42	52	480	18	933	39	238	108	1110	44	232	6	20	344	46	146	10	56
Schcom	408	1328	2802	469	7706	535	3713	1974	7887	641	1010	95	446	2857	571	955	46	432
Sclcit	449	4037	1241	791	15130	698	11051	6913	4114	1585	275	9	1596	5170	1818	1588	92	66
Sebver	728	4457	3113	1395	12806	832	11386	7287	8859	1173	872	40	1246	3575	1040	958	56	276
Serlac	1467	7502	3427	1470	24016	766	21893	13795	9615	4277	278	4	1713	6220	2825	2634	127	169
Sphste	2815	28171	10062	7118	65476	2674	73105	56560	33455	5586	2584	137	7495	19331	5934	6185	376	951
Sporos	140	798	535	260	1381	227	1797	605	2019	49	125	4	63	317	83	322	4	66
Stehir	360	1558	1127	343	5057	282	4084	2278	3792	473	265	12	447	1597	494	533	12	110
Suilut	49	757	196	141	1957	93	1775	1063	796	154	49	1	249	572	149	187	14	20
Traver	311	1033	1808	298	6089	371	2902	1728	5705	739	675	136	523	2300	635	857	53	296
Tremes	671	6601	2551	2357	13672	1408	14539	9212	8021	1535	495	15	1005	3520	1397	1141	57	361
Triasa	300	437	1981	133	4975	208	1443	1028	4853	541	860	112	426	1822	393	799	54	319
Tulcal	1377	6627	5156	1814	19793	1247	17379	11637	17242	1885	1415	82	1441	5385	1531	1919	138	381
Usthor	12	96	126	42	869	28	281	204	337	150	36	1	49	336	80	86	4	1
Walseb	10	196	19	51	290	16	525	408	139	19	5	1	33	68	33	13	1	2
Wolcoc	623	2376	2407	598	12677	919	7662	6077	6618	1167	693	102	1218	4414	1466	1115	35	344
Concor	2	131	8	12	126	4	296	304	31	14	1	1	4	20	8	4	2	1
Coerev	165	2550	799	419	5418	199	6971	6351	2275	433	205	25	714	1898	556	744	8	82
Morelo	164	908	556	225	4493	252	3099	2531	1860	508	137	13	340	1229	362	475	28	32
Muccir	215	6984	617	945	14008	1122	18196	11628	2512	1319	102	1	2335	4779	1521	1341	5	25
Phybla	810	16696	2279	2796	28497	971	49594	42965	8225	1951	369	8	4062	10116	3472	1719	36	127
Annalg	225	28454	552	2834	15615	480	52724	50645	2448	715	75	1	3388	3732	1666	640	9	4
Enccun	3	4	7	1	76	4	14	14	72	12	4	1	1	20	6	28	1	1
Entbie	112	6199	424	738	7681	62	12538	9179	3256	820	155	14	1355	2396	681	553	16	1
Noscer	42	5921	102	236	2364	54	10269	10465	395	61	2	1	454	928	452	75	2	2
Vitcor	1	106	8	20	179	1	272	258	42	6	2	0	23	59	22	16	1	1
Edhaed	10	1129	18	97	514	2	2207	2024	126	22	1	1	96	109	57	16	1	1
Nempar	3	196	28	28	238	6	532	531	85	6	17	1	50	84	26	28	1	1
Hamtva	1	1	1	1	1	1	3	5	1	1	1	1	1	1	1	1	1	1
Vavcul	25	273	67	40	711	10	793	680	196	16	8	4	120	275	101	54	1	1
Pir_sp	122	2894	218	409	1859	130	6257	5757	635	164	5	1	201	388	262	36	1	8
Danrer	7787	129485	26121	20087	339477	14470	396196	428918	102222	20459	5321	421	64491	155087	72003	41654	1816	2039
Diclab	58	616	167	120	2084	45	2112	2552	561	166	35	1	275	692	239	416	16	1
Gadmor	3108	22542	12725	4291	83027	2933	77647	86765	39897	6532	4154	166	9581	27394	10226	11066	828	787
Gasacu	6498	35943	23355	7496	141061	5170	113060	142603	73286	9575	4626	516	10614	46341	21300	33799	3064	2854
Hapbur	2135	22383	5612	3605	57140	1851	59934	72858	18007	2750	858	100	6712	21361	7899	12277	993	353
Labfue	352	4009	1228	592	10812	301	10486	12034	3637	467	291	108	1117	3913	1526	2055	91	51
Lepocu	1438	20405	4992	4207	44731	1474	53294	56893	18670	2811	1595	72	4879	14379	5239	9802	669	238
Mayzeb	1438	20405	4992	4207	44731	1474	53294	56893	18670	2811	1595	72	4879	14379	5239	9802	669	238
Mchcon	337	4076	1272	645	12059	330	11502	13426	3790	535	316	127	1378	4460	1751	2407	129	49
Melaur	297	3530	1104	517	9916	290	9788	11319	3144	419	253	84	1074	3649	1350	1730	69	46
Neobri	3345	54848	10055	7990	137981	3376	148620	179418	31372	6307	2011	142	17097	52834	20144	30015	2235	549
Orenil	4246	66889	13065	9849	166785	4212	177396	211483	41037	8986	2200	272	17713	59562	26959	34507	3524	724
Orylat	4379	76881	20544	10750	198041	3948	194768	217226	73552	18308	5792	438	19312	62649	27312	39909	2148	1847
Punnye	2925	26167	7073	4477	73743	2281	70285	85109	22875	4466	968	362	8343	25484	8761	15221	1017	281
Rhaeso	381	3936	1405	569	10388	319	10427	11719	3755	450	325	132	1119	3801	1411	1881	77	59
Salsal	145088	1515080	408792	257738	4764505	212250	4715017	4814254	1530014	373533	89985	2615	594340	1481479	545397	503815	24958	18181
Takrub	4928	47939	18765	8762	134551	4358	128662	147386	64811	10223	5872	543	10921	43030	17765	33692	2661	1775
Tetnig	6403	35237	31176	7134	118982	4219	97211	115714	94067	10325	11476	1004	8504	38744	13973	39108	3686	3769
Xipmac	454	7794	1709	927	17989	528	21114	24226	6247	1114	426	44	1686	6095	2621	4312	248	55
Oikdio	2024	47921	6074	7185	27191	1258	78800	55792	19479	1228	1424	80	2640	7820	2502	2500	73	346
Cioint	652	11233	1497	1166	18408	574	27656	28956	5118	1225	261	10	2105	5844	2192	1178	44	121
Calmil	7331	144045	44756	30844	284912	9492	453509	373539	220017	22488	11815	954	27738	81537	36460	119293	1683	1318
Leueri	1400	28994	6172	5277	66951	1940	85590	79061	24139	5327	1442	75	5720	17851	6050	9981	441	370
Braflo	12159	141050	36373	19903	272488	13004	314704	268064	118984	17801	9854	448	29082	105520	54950	28402	1375	2681
Petmar	13760	196313	38185	86882	352662	13044	414002	450108	120923	27950	10760	357	36740	158192	79669	39557	2293	4896
Ailmel	1667	148450	18008	39059	271203	6404	347293	350546	112398	16998	6318	167	17897	63414	15385	28318	6492	357
Allmis	1806	44767	8061	6722	122901	4533	121048	119770	35577	12862	3250	173	14860	39900	10809	28443	2332	495
Anocar	15689	399968	113738	92514	790629	35667	1062329	868617	423310	83458	71654	1891	61683	184656	56690	117763	8644	2536
Bostau	47425	4252551	258787	833953	8395271	219031	9196360	8601075	1446513	1287345	100896	6862	804159	2105199	781427	1376597	63709	14196
Caljac	2340	181878	14593	26981	413670	13792	476906	356921	83975	37210	7700	240	23079	117250	42589	36553	2758	495
Camfer	3599	157676	24366	26999	303889	12332	350144	339412	102911	26841	10238	549	26344	89895	30255	54505	5946	1506
Canlup	4097	170978	27158	26156	514263	34787	487707	447998	231445	37713	15035	867	52552	158268	26974	99481	13291	1699
Cavpor	10856	538330	38655	74654	907709	23635	1161055	986027	162301	98679	15871	1983	64885	243491	83224	134161	7494	3745
Cersim	341	30138	20356	4261	92835	1450	78934	85162	36174	4446	15763	136	5296	25601	13534	7313	652	444
Chilan	382	30462	2559	4397	61505	3055	73270	69846	13620	4807	1126	119	5179	19656	6798	8173	587	142
Chohof	17982	766058	64145	140287	1251977	74648	1869066	1616118	269092	137925	15987	360	98764	289460	112208	142610	5682	1633
Chrpic	6404	71982	24340	17108	195478	8481	208146	215682	89267	20461	7412	486	20793	45770	15226	41549	1689	1169
Chrasi	722	50034	2915	9791	152244	3058	143286	172902	20998	28799	841	45	17056	36481	17616	10331	515	224
Concri	377	20128	3642	3734	69214	1055	48091	63100	31897	4220	1676	198	5156	14387	7630	6561	616	221
Crigri	2475	199499	12700	40530	462530	16018	480161	469309	58929	43916	3464	138	43902	140242	52662	51394	4034	508
Dasnov	6475	384843	65976	58218	902892	14319	899301	873847	252091	124249	29815	8761	58158	168680	58412	89451	6461	5501
Daumad	8	1763	82	269	3227	74	4702	4297	638	225	35	1	292	799	337	314	18	2
Dipord	11729	537406	79224	132014	962296	31166	1340480	1044294	464453	85142	43081	907	107972	258938	84226	112819	8109	10561
Echtel	964	40811	4665	10992	117469	2621	110638	117232	28032	8014	1649	86	8647	27869	10612	14969	1102	251
Eleedw	11445	69553	14245	11467	248509	5878	232517	204782	36697	68743	1153	134	47359	78413	56358	29184	816	238
Eptfus	4918	52478	13818	7736	104968	2899	121673	115537	41349	8668	5054	1350	9937	40811	10042	15499	2730	516
Equcab	4383	108970	50877	23372	332737	11000	251372	246750	240859	26604	37671	230	17217	143506	33138	41130	3673	559
Erieur	2415	85871	31124	16007	234720	4104	254360	242638	84349	24612	5384	165	19970	58298	23183	103982	50763	426
Felcat	657	57429	8872	10479	173245	1472	133678	131841	49038	13317	2122	116	13216	21081	7277	14425	1700	321
Ficalb	2634	165478	16050	31156	300778	11054	366934	324594	80914	44064	6810	986	27246	77663	24426	88577	9341	1487
Galgal	2712	37458	12252	7732	124807	4806	101167	97635	46944	15835	4492	566	11079	34373	8560	39058	3482	884
Geofor	875	110843	4369	19992	212016	6331	256389	228080	23815	25212	1536	53	22707	61577	20389	50639	4413	426
Gorgor	13337	620945	48523	134260	1683507	42225	1433255	1345165	214168	96779	12080	942	149231	419227	147505	136886	8292	1664
Hetgla	474	47830	3070	6342	76571	3959	100907	94313	17128	6080	1110	103	8683	22146	9779	10572	877	167
Homsap	4128	193743	16449	28672	440007	26011	515295	438026	112639	39687	5201	238	24369	115377	42701	55096	3110	682
Jacjac	449	41122	2295	9203	87948	3819	89926	100833	36134	8055	885	75	9599	33577	11699	7976	545	184
Latcha	1662	46851	4671	3738	84135	2159	112504	121430	37607	12266	1276	75	5576	23516	9128	10545	442	137
Loxafr	1908	250175	18877	41119	441698	17301	598613	474396	127052	42734	6685	105	33286	69354	27202	48416	2382	728
Macfas	329	10657	929	1586	21302	1304	28776	25099	14279	1486	272	40	1243	5946	2791	2461	124	24
Maceug	1637	276253	6410	51066	429007	14352	621835	559017	39049	33177	1677	221	44427	115152	49265	33164	1812	286
Melgal	154	5985	792	1181	16555	461	17348	15797	5647	1532	358	24	1301	5138	1043	7204	1178	67
Melund	1601	31105	4433	5168	99239	2481	82332	91134	18801	13828	1050	52	7834	23220	6231	20686	1319	195
Micoch	1753	43766	4709	10496	99321	3431	108737	121661	43790	8596	1222	48	7879	28007	8414	15590	3306	176
Mondom	3617	520195	12874	105639	848442	30000	1314218	1102803	104334	82775	5027	123	60535	174080	114261	69606	1916	943
Musmus	906	46500	4160	8442	113858	3282	112624	110803	31019	12920	1127	107	10555	34209	12001	13793	771	166
Musput	718	31737	3991	6143	105328	2988	84125	105964	21013	5770	1579	177	4949	18107	6884	7152	673	225
Myodav	15092	167815	39993	24341	343974	11448	413300	397957	127992	28699	13450	370	34461	113502	32100	45873	4709	897
Nomleu	5712	266294	15434	35592	484099	31168	743136	584088	139074	41864	4215	328	33827	147082	48934	87578	2265	723
Ochpri	1940	47256	22860	8378	113133	4565	110525	111897	53747	15370	2301	186	17573	34782	12296	17536	1702	245
Octdeg	884	69590	6710	10909	146051	4192	175541	174273	28693	10317	3136	175	10975	39593	12296	19870	1509	298
Ornana	13156	325660	78577	67891	755724	21779	922022	1160408	425042	54258	27059	1726	52054	160362	53934	93697	5329	3112
Oryafe	456	52926	2457	13381	114212	2081	121731	95990	15624	13130	769	99	12753	30404	8536	14500	539	145
Orycun	6568	217465	177065	49652	633485	33248	567864	519498	331204	148218	156222	405	55155	142462	24198	86283	9203	2221
Otogar	914	59863	13209	9653	118229	3471	140235	135557	46804	19113	2116	100	9128	30334	12455	14651	1352	184
Oviari	2879	341883	15154	88312	676280	24421	730384	589682	97508	61364	6810	338	52688	140836	64801	94547	3520	1011
Pantro	5378	357540	21930	64453	692664	30614	875851	763833	136315	57029	7100	474	52611	192549	73230	80830	4691	897
Papanu	10682	214535	33366	39203	447623	28479	887912	627965	309441	47021	10141	1826	25662	130329	45889	64239	4162	1273
Pelsin	24087	356411	105404	48920	920745	35460	945671	1023128	461622	97967	44397	1611	82031	272768	65744	183108	13647	4474
Ponabe	10027	775194	43320	120471	1432566	59739	1846975	1607577	231464	119909	16409	609	132799	403526	149338	183398	9862	1651
Procap	7872	459523	28313	114173	799899	26284	1086351	1019376	159960	63638	9531	689	73572	234126	101262	80548	4406	1725
Ptevam	5497	290133	34972	68400	488734	20057	635123	529771	203328	52855	12408	795	72595	130506	46468	99324	5540	3269
Pytmol	1	188	1	32	345	16	546	506	52	24	1	1	52	96	40	82	1	1
Ratnor	13075	986255	53651	227648	1894096	65199	2220387	2030530	324901	149894	15221	1003	168841	566664	231179	210498	10929	2837
Saibol	434	27068	3019	4167	130052	1816	141758	60429	46457	6626	1164	67	4321	28893	8800	8309	740	140
Sarhar	282	90411	3921	38230	153795	2453	303618	226198	16394	3668	592	16	25944	32845	21674	7314	260	88
Sorara	847	45468	6858	6848	98715	2274	111544	92301	51198	9421	3525	885	8413	23367	7378	9215	702	222
Spetri	741	60120	5119	9182	110676	3337	135394	124278	19594	10037	1365	69	11123	34050	10821	14569	1497	151
Susscr	295	21110	1823	3566	37410	1462	45413	45300	8042	3512	537	16	4011	11103	4109	5639	425	56
Taegut	3636	336435	28300	58424	607532	16723	784007	707974	99886	71689	14118	777	61425	170429	58964	171128	18993	1962
Tarsyr	25015	1551928	87636	264076	2754102	102763	3724036	3316777	557817	191134	28249	1470	252140	875850	283845	284504	24777	3770
Triman	498	36265	2240	6097	65455	1493	80617	78046	14035	7208	841	78	5808	17996	9116	6826	481	152
Tupbel	6621	445280	29860	60262	991340	21978	1004610	1099223	180534	80939	11526	340	83569	358311	106257	97494	6558	1083
Turtru	3182	172271	19517	23643	370731	50774	433738	440300	177131	80268	8568	268	59293	172849	21432	65821	2228	720
Vicpac	10764	1125802	130450	335468	1682273	37612	2236447	1943231	372406	176795	12780	887	279984	639022	246438	170891	11650	2253
Xentro	11465	298065	57844	54956	736370	67568	995387	954945	280417	62615	21395	570	56227	182568	66415	185997	7940	4840
Acrdig	3723	95322	12566	12969	127554	3317	211195	176057	42951	8803	2325	61	12969	39384	13846	11038	290	493
Nemvec	11091	195189	38663	31439	352388	16555	471868	451294	140715	26023	7728	822	33201	115967	43869	22008	720	2866
Alamos	1876	25129	6751	3590	38809	2292	59334	54686	26869	2772	1843	196	4139	13004	4585	3222	110	626
Hydmag	10063	781295	24354	52651	523114	13114	1600002	1603200	87884	21611	6457	137	88455	177439	72636	32408	654	663
Mnelei	819	19076	2498	2040	21975	1114	40673	36885	10309	1416	641	298	1672	5835	2738	1957	44	97
Patmin	12431	168051	38246	23429	323343	20023	417948	334285	118244	22658	10085	536	39125	125155	59870	24383	1087	1899
Lytvar	6695	155181	14477	23328	262937	8618	358365	304340	54509	17760	2380	196	34100	88397	45298	12422	483	1320
Strpur	27390	536488	62112	74549	870510	25606	1210143	1050219	245989	41888	12113	833	111856	319798	150186	38800	1494	2161
Sackow	7960	194897	28209	33132	476886	18386	563168	471632	91102	27861	3889	796	71775	188067	91715	23702	217	1785
Cragig	7609	166216	13236	20100	199100	5921	338377	310504	51685	9408	1146	38	34161	84851	48628	10438	325	631
Lotgig	2808	109370	5595	14130	112113	4060	233541	203880	29951	5001	709	22	10968	35365	19673	5758	144	117
Pinfuc	3163	64730	6006	8063	86857	3064	133990	105143	24841	4348	1060	31	10093	35198	19659	2890	93	200
Aplcal	4116	100317	13317	13819	151092	6925	223847	195953	68789	7955	3121	677	15459	54783	24934	17070	417	922
Ascsuu	1315	38158	3903	6191	35256	960	73989	57029	12999	1309	824	58	7571	10871	2904	3628	75	220
Brumal	3456	124613	6537	12389	91418	3356	250564	222044	23520	3080	595	11	18920	22321	7465	8442	98	241
Burxyl	868	22025	3216	2243	14655	908	35453	19842	12080	1245	998	47	940	3977	1656	1045	56	161
Caeele	608	26047	2816	3202	15177	577	43170	27743	9758	885	430	31	1340	4333	1940	1088	14	139
Hetgly	2484	88951	9397	11205	44257	2289	143206	100388	37860	3365	2528	147	5209	12377	4292	2318	34	893
Hetbac	739	19618	2493	2882	20063	1096	41611	33022	9522	1023	453	10	2473	5202	1862	1447	24	45
Loaloa	391	16561	788	2259	11421	379	31639	25633	3554	507	113	4	2234	3331	1147	663	8	27
Melinc	1576	72700	4729	6034	26735	2077	116043	96715	19621	1674	1167	43	2890	7460	3139	1700	49	100
Oncvol	194	8121	542	1098	7117	155	16104	12876	1811	325	129	9	1215	2121	655	495	16	24
Pripac	1593	28606	5244	7098	35676	1607	61068	36558	20961	2626	1267	137	3945	8520	2349	2884	198	280
Strrat	565	38717	1757	1950	18924	461	68886	65053	5126	841	235	10	2820	4555	2423	740	27	150
Wucban	948	37860	1903	4513	25273	824	70680	58033	7457	751	172	29	5378	7812	2703	1891	52	79
Trispi	2284	69694	7861	7765	54353	1388	128147	91168	20601	1844	2173	30	11157	19353	5807	5159	109	566
Triadh	514	12046	1017	1492	14686	354	31871	28199	2810	747	132	2	1940	4260	1704	1039	25	10
Closin	6559	37643	18520	7625	80249	2856	89595	62713	54831	5480	2949	95	8938	28250	9818	7076	328	1191
Schman	5728	94332	18845	24269	168535	4709	241887	207122	63148	11343	2352	12	22434	48377	21679	10129	101	1035
Schmed	26107	1137002	60600	114121	694681	19696	2176544	1861747	283924	38165	10897	259	104791	190574	85095	25706	500	1165
Ampque	438	26071	1632	2883	53630	2206	70148	68801	6037	3502	299	37	8441	23254	14449	4309	112	48
Helrob	1632	54234	5176	5482	51193	1555	111586	98292	15882	2041	1367	51	8649	15630	6606	3902	50	140
Captel	7566	155568	24406	27425	292792	4511	391158	307159	88999	17358	4469	335	55517	112467	40385	25921	1682	1277
Ixosca	64249	579333	281282	94910	1087690	51457	1385242	1211626	803964	72012	83145	9253	106985	374835	101833	138549	5369	29246
Metocc	1278	13504	5020	4467	22418	1027	24988	9705	21343	1790	1618	164	1644	5815	1494	1882	183	483
Teturt	635	24890	1595	2793	24737	549	56319	49793	4958	1181	98	6	2893	4813	2567	987	22	52
Vardes	209	6380	782	427	12579	263	12928	19643	2500	272	144	34	576	5770	1379	375	13	27
Strmar	3283	71458	10921	11169	84384	4498	156492	131374	35446	5499	1704	863	10268	29546	13574	4804	159	285
Lepsal	17941	961308	39356	90200	815229	21374	2103838	1933502	180279	44173	5005	110	119415	212184	102654	38160	1295	1347
Dappul	6236	131267	22738	19170	128406	4750	254888	204540	77497	8851	6558	440	11268	35270	14925	10824	467	1995
Acrech	1250	40908	3308	4825	32928	534	85773	74221	10825	1316	521	17	5742	10755	5120	1778	34	118
Acypis	14155	396382	39691	36261	249415	30784	822502	763124	117326	11638	9437	1392	42038	75455	34686	23227	658	3058
Aedaeg	29879	543667	86964	94471	574265	29228	1013043	710012	321713	38146	23357	480	64590	183242	62623	47293	1973	4782
Anogam	20426	219887	66431	27171	334912	13404	472745	368625	211747	18183	15574	1134	42440	103245	27502	25622	754	5061
Apimel	1726	72190	5911	8636	30500	707	126008	106280	18068	1190	1653	171	5906	9260	3913	1399	38	488
Attcep	88	5315	439	280	4948	35	11648	7303	2572	540	17	7	298	670	309	177	2	9
Bomter	303	7899	993	1012	6148	234	16446	13738	3265	269	224	20	962	1990	873	429	21	72
Bommor	19303	132817	52648	17768	174245	30944	327804	315483	156785	14316	15270	3130	23262	54067	24231	12226	383	6584
Camflo	943	41249	3513	4158	29079	826	83906	74453	11926	920	907	144	5433	10015	4556	1349	55	286
Culqui	20426	219887	66431	27171	334912	13404	472745	368625	211747	18183	15574	1134	42440	103245	27502	25622	754	5061
Danple	9691	268626	31166	28170	216325	7725	581587	588175	90115	10902	7547	796	25323	70151	37091	12088	377	2037
Dromel	1090	39313	4905	5166	34169	2207	80000	68583	17306	1947	1389	92	4389	10272	3223	4062	195	253
Harsal	1372	35020	7601	4226	38197	1018	77013	63538	24325	1857	2713	333	4496	11743	4839	2953	85	768
Helmel	2874	53026	7956	8720	50499	4544	120984	117367	26873	2820	3011	153	5938	20712	8170	2939	176	817
Linhum	999	26199	3394	2455	21589	1044	54208	47583	11030	1097	818	46	4074	8334	3198	1429	19	273
Lutlon	1500	121378	8162	14831	88506	2651	216726	147494	41641	6478	3375	56	11368	22315	6699	6816	294	596
Mansex	5974	58955	14143	5024	57374	2409	127418	115404	35605	2588	3526	305	6175	17112	7881	3264	100	1351
Maydes	818	28415	2326	4734	20983	433	51398	36095	7082	931	389	2	4784	6107	2365	614	4	136
Megrot	20426	219887	66431	27171	334912	13404	472745	368625	211747	18183	15574	1134	42440	103245	27502	25622	754	5061
Menmol	194	10966	470	945	5305	174	19953	18540	1959	268	85	10	648	1746	885	206	6	18
Nasvit	1378	61310	5381	6804	63889	1731	153023	143610	33098	2206	1460	65	6223	18133	5385	18648	378	419
Pedhum	705	11579	1313	1081	4588	266	18292	16211	5890	213	384	29	476	1254	555	74	1	29
Phlpap	1125	39798	2477	4658	22849	750	70226	52862	12381	1273	361	6	2780	5642	2527	1507	51	219
Pogbar	515	9428	1679	1583	7865	203	19868	15562	5515	292	369	39	1289	2791	1560	621	18	122
Rhopro	5886	347946	22187	34530	241376	8723	619333	574821	109075	7487	8958	184	26793	51914	22598	16670	453	1914
Solinv	4017	89298	16131	10016	76667	3254	21791	168569	48990	5052	4942	555	10713	26432	11651	5105	190	1655
Tricas	1052	51195	6323	4615	24516	1457	87039	74259	17399	1091	641	54	2406	7675	3150	2032	52	291
Capowc	318	1921	2075	426	7684	283	4838	2194	5353	475	918	111	727	2562	624	1115	53	272
Trivag	4474	505987	12753	78629	494214	10476	854769	797970	78169	28379	702	1	48968	116358	56966	32528	721	174
Bignat	850	3052	1278	714	15881	806	9229	14302	7179	2466	89	21	1188	4645	1626	2785	58	77
Phatri	460	3632	1787	824	8283	687	8868	4522	6185	945	402	46	721	2505	970	745	18	179
Fracyl	2674	30826	6334	6274	48576	2584	76805	50976	19855	3920	655	44	7510	13952	4843	3798	140	468
Psemul	16873	118887	50901	24267	239819	13163	300050	157708	144907	16259	8906	395	35214	70669	27610	16087	386	4103
Thapse	173	1351	712	342	6626	377	5294	2664	2594	553	163	24	952	1940	647	633	13	75
Blahom	760	5880	2075	2672	14340	673	16030	7591	6822	1020	466	50	1425	3722	1281	1474	62	397
Nangad	2408	17947	15474	3338	63281	2824	42704	26842	50495	6788	6229	720	5003	21042	4516	6258	654	1503
Hypcat	360	1879	1829	425	12375	538	7057	6801	6890	1061	539	54	747	3051	728	2902	152	142
Aurlim	119	916	349	208	2395	174	2399	1988	946	196	50	1	330	745	177	272	14	49
Albcan	59	821	175	206	1920	58	2212	1045	696	56	26	4	265	629	144	147	6	9
Hyaara	1625	9379	5040	2314	30122	1744	27884	25517	15426	1834	1006	78	2775	9965	3441	3172	109	323
Psecub	433	1741	4523	531	9384	373	4573	2696	8224	988	2452	213	498	2782	516	2283	291	750
Phyinf	24368	90263	84277	19432	346986	24785	258210	233033	283103	32738	19948	1648	28094	108511	33323	47048	2005	8179
Pytult	901	5588	3724	993	22768	914	14920	9696	10704	1943	1304	237	1618	8607	1833	1941	44	455
Sappar	505	1264	3146	303	8645	519	3206	1751	6698	1158	1566	228	614	2712	481	1014	75	582
Aurano	1651	6502	19932	1743	28941	1382	13853	7399	45438	4162	13592	5126	1195	8171	1639	2758	156	7096
Ectsil	6506	22138	31559	5515	109861	6926	60356	33525	90881	10115	11200	1841	9836	40572	11639	11661	781	3988
Cyamer	320	979	1418	395	5273	423	1979	928	4083	433	497	54	583	1955	323	867	38	200
Chlrei	3145	4872	33253	1614	64129	2867	17398	14596	68637	7194	17247	3629	4866	28639	5068	16579	1340	5981
Volcar	4985	18774	30258	5149	92667	4862	56813	50191	83795	9127	11236	1463	12618	38207	8691	16931	1625	3747
Micpus	210	335	1108	95	1509	96	741	661	2408	108	451	208	37	415	117	130	4	424
Ostluc	383	1942	2367	586	4750	241	3829	2099	5482	539	1125	120	247	1334	295	309	8	827
Ast_sp	4	56	60	4	619	27	149	84	145	50	17	1	57	246	47	242	26	2
Chlvar	548	879	7456	130	14730	404	3292	2402	15781	1565	4383	1057	1548	7326	841	5129	662	861
Cocsub	422	1519	3538	410	9563	309	4574	2617	7233	535	1588	325	1158	4317	918	2577	153	459
Aratha	56	744	116	119	1077	42	1715	1416	385	95	12	1	174	299	156	98	8	12
Betnan	6428	233118	21605	27116	298727	7222	523625	452690	69036	20402	5630	196	43145	96405	38606	15298	594	1622
Bradis	1832	19953	8791	3898	58886	1964	53163	42380	31284	5447	3404	308	7429	18828	6929	3852	277	967
Brarap	6070	114187	14342	12315	143591	4244	245159	238257	52277	8510	2652	90	18949	42133	20910	8141	183	1306
Cajcaj	2276	69900	7227	11149	109812	4853	159852	133878	26998	11659	778	77	15426	28629	12090	3191	47	173
Cansat	8282	381829	24449	47598	441668	13814	846205	742967	86568	34559	6007	195	62027	126025	57730	19224	602	1624
Carpap	1853	71720	8458	8726	90652	4235	167437	146822	50041	7284	1721	14	12156	27671	9722	5570	1385	128
Citlan	637	37806	1869	4998	49998	1588	82940	73904	7919	2414	318	6	7614	16674	5957	1303	27	166
Citsin	5246	279353	18616	33066	300594	9052	578910	494503	62689	17622	3810	149	49950	100117	38072	17808	382	1215
Cucsat	3817	128469	13231	21839	136243	3387	266398	223226	64294	9389	2631	252	22315	36736	14308	6668	185	824
Euccam	16836	423463	61618	60288	595461	16133	884284	656020	226362	42325	17479	189	82351	175892	58053	33492	1313	5306
Eutpar	8452	160815	20827	19060	201512	5312	345777	313963	70396	13519	3368	174	27769	60550	28687	13750	462	1634
Fraves	2218	31756	5288	4281	40852	2110	65953	50212	17323	2409	1198	30	6007	13684	5245	2592	206	330
Glymax	10960	443363	34954	74159	700357	37043	890507	670449	194475	54429	7067	108	112376	229357	73205	27125	304	2000
Gosrai	2541	153168	7327	17266	151297	6199	309267	273377	32746	7375	1567	127	29244	53021	22476	5049	155	277
Horvul	1162	20277	4415	3474	55488	1602	59171	44046	17144	3483	1393	56	7344	15367	4877	2026	139	451
Jatcur	6943	152953	21292	22429	178458	6305	346886	295276	73724	14754	2879	495	35818	57540	21309	9070	364	1072
Lacsat	319	7450	653	1254	13506	304	19046	17269	2912	777	42	4	1644	3909	1604	331	10	24
Leeper	15	133	52	18	253	16	277	203	163	30	24	1	26	45	16	14	1	16
Linusi	3320	46100	9676	10515	90761	3451	111806	82649	35027	8649	2322	114	12511	23952	8383	9999	366	936
Lotjap	4436	105417	13343	18314	130453	4819	210014	168495	51655	9160	2516	133	16404	37746	12759	6076	334	1421
Maldom	24159	830057	97387	119376	1291679	33478	1940722	1573925	354050	84086	32626	896	181852	411700	162970	67331	3178	5589
Manesc	1453	23061	7081	6761	89287	2287	57250	69302	20181	4312	1150	9	22464	30829	5435	6803	117	1067
Medtru	12399	303299	28209	37617	383176	14470	664726	566532	86974	21985	4060	132	68568	123145	53029	20286	484	1970
Mimgut	8830	211988	27592	29932	329882	6172	492134	424608	121470	14439	4535	292	36207	131272	53670	7174	70	1656
Musacu	1156	34599	3661	6793	56803	1915	74500	62183	19903	2847	1020	24	8105	16806	7881	3917	59	696
Orysat	16072	108962	63099	15111	216799	10409	245059	205334	153758	18075	25446	1579	27320	71339	27469	20058	1151	9655
Phodac	2080	43606	7316	5932	74544	2509	97954	81222	22909	6495	2214	121	12390	23061	6643	5329	223	532
Phypat	1691	110123	10201	16735	162984	6803	265331	182270	43050	11085	1494	116	19312	48688	22964	8576	92	530
Poptri	7120	244091	18849	31127	327734	5480	545147	480997	69442	18407	3893	88	47902	100503	40061	18739	676	1028
Pruper	1766	67708	5635	8533	98793	2450	159969	127119	24336	7709	1081	37	12165	28934	10005	7203	166	260
Riccom	3400	121661	11679	22096	180233	4030	263689	253965	48913	7312	3884	355	24908	45198	17269	6052	576	820
Selmoe	9343	106417	51103	28807	332184	15165	234677	173313	208226	41798	19280	1633	29419	95357	22546	28989	805	5779
Setita	7258	65450	28902	10182	198319	10219	167459	157906	92861	17049	11858	1262	29092	73797	24637	14651	1038	4185
Sollyc	1956	61885	5262	8517	90547	3190	150403	124696	32794	4734	461	6	12218	26589	10451	4815	1085	203
Sorbic	35153	349718	135441	87510	920707	35292	938108	704001	437298	92606	47243	4667	124072	283549	98297	71608	4011	18940
Thecac	254	15433	744	1670	15920	562	30069	24273	2124	1302	242	1	2804	4165	2242	516	12	18
Triaes	450	5078	1617	898	16203	489	14000	11241	6108	1447	342	18	2111	4564	1254	526	45	187
Vitvin	8576	167480	14136	23600	238385	7317	360571	296329	59951	23305	1935	42	35254	65013	25621	10592	398	708
Zeamay	6719	77667	37993	14061	174834	8886	185753	146544	101666	17462	16844	1939	23954	56342	18790	19859	1302	7383
