Plaviv	3150	90459	10969	9948	130286	5986	200013	172743	46694	8569	2889	674	19482	55815	20416	13753	1227	1365
Babbov	2245	17993	5382	4248	49198	4226	53335	52020	17964	5479	729	58	6466	14394	6238	4076	138	413
Thepar	1042	41066	2481	5088	30470	1856	87118	82937	11064	1905	284	8	2252	7758	4453	1869	62	220
Crypa1	1099	56627	2147	9011	33388	1711	110047	97637	6360	1633	236	6	6758	10593	3454	2027	54	114
Hamham	17915	102457	109124	33681	356617	12476	216976	128791	312114	19993	43860	5326	48998	183285	34036	77549	4083	15656
Toxgon	16263	100329	88679	32229	351000	12038	209951	125039	275129	18864	32213	4608	51001	183010	36034	75140	3987	11722
Ichmul	655	381229	1702	22002	75313	687	687968	704024	9432	1474	216	2	21620	21656	11338	2589	135	12
Oxytri	1146	276616	3091	40789	199667	3980	563669	556258	11026	5829	364	6	26061	49011	14962	11537	278	104
Partet	1088	441915	2741	72826	237293	4146	918676	846933	12677	8653	312	12	50438	58764	25569	11574	322	39
Stylem	535	110473	2119	19826	80189	1954	237637	235984	6773	2611	551	24	11803	17097	4377	5608	157	138
Tetthe	756	799692	1705	57393	234051	3806	1409387	1412401	6732	4777	116	8	52517	63529	24225	12191	388	38
Permar	15819	141738	56046	38801	348168	17805	316796	202694	189074	27228	14195	1045	34679	109935	35664	32061	1508	4006
Enthis	103	90572	199	5946	54715	318	212919	203202	1204	1859	16	2	9667	12616	7360	1539	29	6
Acacas	15910	33415	113385	11078	235844	31395	103665	66371	224897	24009	57090	7300	10394	76907	19188	46874	4553	22224
Dicdis	1632	215886	3097	16286	72230	4437	412102	375801	6592	4285	122	7	11197	17829	9858	2195	68	108
Polpal	10555	135991	20705	24060	104848	7563	313781	269072	39705	6015	1497	28	13060	28473	14287	6777	152	1972
Guithe	16201	113017	81707	30823	520653	25323	236460	122934	264501	51840	32448	5274	30988	177684	43353	94353	9650	7297
Leibra	7913	15613	53985	4856	152615	8214	45428	35614	115022	12386	22393	3185	9744	57162	10563	39629	1868	11091
Trycru	11564	112179	72836	22045	301934	8944	278045	167324	196880	21612	27771	4161	35612	114314	30134	60481	3540	8906
Gialam	2005	14816	9779	3665	60371	2339	47197	44105	34340	4973	3204	241	7235	21066	4479	11155	515	721
Emihux	19399	76267	303099	21897	378510	23659	148759	92421	631309	32622	187998	43750	15986	138733	25000	104762	9133	68796
Naegru	1038	194119	2565	31642	167939	4106	410050	292048	9268	6379	301	2	17761	48359	26094	7490	204	66
Monbre	10548	41591	68773	7905	273175	12070	123850	59690	160121	32648	28277	2131	19865	94231	20382	32881	2164	7127
Sal_sp	8684	19383	65277	6447	366742	8222	77811	36174	141369	25675	29225	3549	35671	191984	44737	61380	6085	9212
Allmac	24577	38031	165996	11444	317927	21372	122286	34614	325615	52144	79228	20356	14973	91970	16173	44131	2847	26895
Catang	8923	23913	60043	8152	219985	9041	92240	31118	136031	30902	27081	5969	18642	75506	19144	16571	815	6446
Gonpro	13971	89922	62615	24832	254525	16443	227249	116587	209603	23505	19192	1992	18387	75028	22149	31657	2331	8436
Batden	2108	62616	6589	13738	147812	2756	166705	128143	21905	9142	1045	35	29309	49230	16236	14073	228	223
Hompol	2617	18184	21074	8848	163208	2762	58695	36731	45415	13710	8567	907	24328	56650	10619	34332	840	1500
Spipun	7413	47835	26217	12491	147219	8037	132255	87636	84037	12956	6115	576	16218	48432	14551	14217	700	1932
Acitak	7255	130989	59258	20398	215190	12609	393060	478885	172823	24948	26559	2844	24711	73728	19233	29591	1854	6375
Aciric	7898	68011	45462	16345	172090	6334	166463	102724	129766	15742	17410	1578	16491	56877	13711	19468	841	4668
Acralc	24688	63874	112048	19851	167517	21918	244791	367944	308494	23613	42083	3215	10246	46445	12470	17059	1521	9608
Ajecap	6117	78422	29215	17824	159668	5760	188065	131867	103529	16459	9131	673	15582	45894	13046	17041	893	2428
Altarb	9338	43320	44114	13316	232509	13767	130868	74673	126463	25179	13909	1089	20186	80105	21995	26395	1261	4158
Apimon	14290	61266	89193	17176	310256	18117	196153	126977	241877	37779	37855	3497	28136	96933	25251	35529	2562	9999
Artoli	14089	124177	51081	30740	204195	16174	282465	225443	162413	19978	12803	679	32645	64853	19653	21154	1272	3936
Artben	6344	38697	34610	10223	132409	6676	106577	85950	101814	17216	12430	835	14255	36221	8982	18297	1080	2566
Ascrub	2331	93616	6792	11693	56610	1458	190287	156010	18764	3903	1232	68	6193	12392	4870	4484	96	534
Ascapi	4694	34898	20468	9163	101819	3885	104990	50839	56132	8075	5693	344	11512	28551	7347	11264	383	1933
Aspfum	8648	49039	42006	14574	175269	9418	142445	87996	127767	19001	13237	1053	15274	48607	11757	23148	1332	4234
Aurpul	5556	37635	27434	10629	183074	8050	112366	50540	77062	17905	8994	554	15851	57069	15364	21204	960	2347
Babino	7712	32330	24888	6738	79953	6564	83240	72338	69673	8409	5167	592	7421	24142	7302	5204	314	2720
Baucom	7796	15432	48653	4866	143322	7946	56819	41111	121780	13533	18877	1466	11634	49625	9262	22568	1086	5479
Beabas	7681	57585	62278	13592	213758	11870	161246	93752	148893	23846	30160	3652	17105	67759	17065	28784	1694	8262
Blugra	16487	263912	68165	48048	436908	18470	591897	416784	213464	37090	20891	893	36806	117812	39410	45024	1864	3613
Botfuc	8813	141584	29914	33121	229557	11081	327145	199959	103537	18223	6598	419	28594	65595	21218	18455	594	2218
Canalb	2005	71373	4572	9687	55394	2734	159945	122554	15001	4153	357	12	7862	12740	5929	3053	86	229
Cerzea	8700	59843	54140	18163	195832	9212	188233	159750	158379	19863	22000	1929	17956	69779	16900	30559	1272	5635
Chathe	8395	36081	53216	8817	170483	9743	108188	87400	143380	18805	22093	1581	12453	51468	11396	23133	1502	5246
Clagra	7110	89975	35603	19284	191992	11367	244538	183055	116732	18321	11695	765	19715	55714	13223	21010	1072	2718
Clasph	6323	27237	54895	8419	156692	7241	78972	34574	133678	15840	26816	2677	10641	51154	10086	23358	1576	8585
Clafus	6683	143994	47199	23061	200897	10255	379025	392459	130300	22363	20867	1998	20374	68986	20125	21565	1094	4886
Clalus	2736	32980	11153	7132	70995	2484	83644	52634	34172	6469	3421	396	7622	21645	6798	5541	200	1044
Cocpos	7067	71201	34178	17486	152491	6142	171473	125319	112105	16131	10967	648	15740	43961	11675	17859	902	3065
Coclun	7681	44822	42488	12567	215589	11414	127793	74172	118742	26336	15505	1326	18953	72886	19266	24173	1196	3902
Colglo	16578	75660	107075	23187	352477	19784	213085	116643	286642	37741	44268	3368	24238	106390	25050	44850	2677	13327
Conapo	8269	33086	55450	9710	157462	8540	100035	86947	145438	15526	22364	2242	11144	48603	10037	24304	1250	6307
Cormil	7898	47483	68703	10892	190795	13113	142621	102561	155744	23648	35708	5000	12833	57962	14933	26054	1878	10636
Crypa2	9586	66134	62922	19158	255965	12160	187009	120008	173248	26832	26675	2136	24569	79768	18827	45962	3542	7041
Cybjad	4118	28752	11489	7542	66432	3791	79219	56251	30904	7932	1738	44	5137	16889	6731	4575	92	1327
Dalesc	10506	75645	47664	19044	186487	23595	206893	182045	146747	16210	14731	1119	18774	57255	19375	15701	808	4479
Debhan	2308	55837	5540	10051	51166	2744	123746	101143	16930	3582	562	28	8399	13144	4912	3021	54	283
Dekbru	757	13062	2646	2316	16086	640	31127	24437	9756	890	658	27	2234	4599	1380	1383	40	126
Didexi	9576	36637	52194	10588	201499	12196	124198	89039	131540	20324	20572	2200	15104	71363	17048	38806	1988	6640
Epityp	5103	84356	37627	16492	176733	7259	275079	263841	111128	20758	16498	1330	14816	59266	19991	16871	1083	3754
Erypis	7504	245655	28576	37425	284047	9800	531063	429339	103308	19644	6862	617	30357	75359	27046	20980	620	1223
Eurher	9728	50616	39339	15777	157353	7926	142138	89202	126593	17829	10248	827	15061	44687	11646	16930	850	3874
Exoder	9453	37814	50402	12064	162220	10477	110562	58215	140031	19681	18077	1487	12072	46510	11932	22203	1088	4773
Fusoxy	10645	76738	50327	21741	296106	15309	234168	167076	155751	29784	14937	955	26479	82769	22666	30219	1469	4025
Gaegra	13024	50583	111969	9330	238091	15428	127764	100448	269215	33314	62695	8081	14708	74485	15499	35563	3226	15292
Geodes	5603	43945	33951	12365	145959	6765	129616	100257	100422	15538	12651	1266	12991	40567	10567	14872	645	4984
Gibmon	9173	65269	44591	19083	267635	14897	201870	137504	138869	27367	13387	823	23049	74292	19913	27123	1249	3683
Glaloz	9117	103754	37915	26195	210720	11231	258665	160732	122869	17926	9989	682	17627	59986	19234	19261	700	3264
Glotra	11858	42576	53942	14363	200648	13051	123485	72703	172486	19259	17634	1099	18859	63991	15406	29909	1949	7024
Glogra	14797	58980	94024	15341	263844	19306	213136	202948	241073	29939	41364	3356	18595	80500	19658	30932	2203	11570
Grocla	11995	32155	82784	6798	152414	6374	102222	83536	171118	16961	40929	3661	12037	51101	11583	34587	2375	8008
Hanval	623	54740	1595	4826	31050	941	109504	100480	4289	1778	22	0	3742	7139	4004	1627	48	54
Hypbur	4088	58782	8940	9827	48940	3475	132145	109080	26098	3997	771	32	5604	9164	3590	2913	40	481
Hyp_sp	11482	136035	51779	22101	218232	22209	355975	326852	156457	20013	16804	1221	20754	68989	25240	18534	1149	4465
Klumar	3091	35157	7370	7923	50950	3787	87761	68900	24686	4517	990	64	5897	13919	4885	4141	164	583
Kompas	2076	31192	5229	6506	45270	2691	77420	53525	18507	3927	736	29	4368	10905	4026	3987	148	328
Lacklu	4179	40308	10820	6643	54211	3953	87872	69890	28404	4963	1728	96	4981	15499	5666	5705	204	947
Lipsta	6817	55551	29278	12799	110665	5647	142181	94930	84156	8607	8976	833	11279	34515	8907	12739	448	2676
Lodelo	2867	55879	6782	6438	59249	3340	140815	101885	19424	4605	803	30	8612	16540	6848	5156	106	434
Macpha	14542	75908	105468	20692	261926	12270	213296	167579	267249	28909	48147	5079	18996	82575	15496	41321	2528	14189
Magory	12782	63146	76264	13712	228904	19629	167845	107322	192566	26728	32930	2789	17914	71605	17808	31360	2346	8628
Marbru	18024	118299	61868	27465	180868	15965	336077	372127	174811	18829	18641	1955	20492	55921	13157	21463	1085	4552
Mel_sp	15091	115509	100117	23866	305724	19210	326441	268421	278971	35677	43595	3535	22683	93494	22757	45890	3970	11567
Metacr	9491	67453	61836	16879	248348	12370	190254	123451	171748	30215	25484	1986	19919	78561	23716	25403	1509	5788
Metfru	4432	62142	20391	12623	107818	3654	137343	73188	59183	8240	6680	540	10839	31129	8786	7842	404	2135
Meygui	4272	34694	11266	6905	56881	4054	87539	46260	30356	6746	1724	184	5348	13751	4553	3648	222	882
Mycpop	7732	41200	42035	15435	157936	15846	117735	74135	127090	16225	15082	1218	12825	59183	23047	22782	1233	4058
Nadful	3981	51861	13222	8983	58786	4945	124267	106899	36858	4948	2680	162	5111	12856	4487	3400	130	886
Naucas	2014	51817	4929	9202	53553	3605	113597	92602	16614	5340	492	18	6987	12615	5266	3336	152	299
Nechae	12862	62879	73222	19371	325585	16467	201868	155792	215545	40194	26879	1766	23443	88426	23863	31818	2066	6607
Neofis	10070	54160	48365	16575	194516	10667	158703	100634	143798	21170	15466	1233	17218	53336	12830	27113	1705	5058
Neogan	5623	55141	37828	12762	173955	7266	163050	112751	108267	20217	15844	1200	16004	55601	18669	15976	970	3722
Neucra	13032	68460	68568	15601	213177	21571	186098	138325	187327	24672	24423	1662	13350	60196	17056	19660	1079	7004
Ogapar	2758	25093	12654	4843	44923	2179	59234	31028	34406	4208	4274	416	3124	12070	3676	6094	174	1098
Oidmai	9579	104438	52994	25341	250325	12510	284170	220665	174363	25073	17942	1345	23469	72586	18145	33397	1650	4079
Ophcla	3559	29270	20861	6339	72340	4386	75596	52169	62224	7716	8010	581	5044	22100	4944	9712	636	2425
Pactan	1577	78686	3202	7834	42648	1844	147307	127320	10534	2427	294	50	6126	9287	4258	4312	114	148
Parbra	5700	84191	25652	18173	162438	5559	201963	161764	96295	15786	7386	509	16781	46715	13488	19442	895	1845
Pendig	8416	60635	34241	14897	152872	7724	148748	87428	111008	16772	9285	604	13172	43698	12481	15134	831	3536
Peripo	7996	64910	49905	17906	241497	9758	185792	93760	145742	25573	19395	1521	21640	73097	18649	25891	1351	4642
Phanod	8722	55859	48061	15313	243256	11864	165620	100401	137662	25695	17732	1393	22475	85788	22494	30694	1350	5508
Pickud	2616	41523	6609	7689	52168	2937	95378	70819	20327	4087	956	36	6337	15285	6064	4412	110	416
Pyrter	9870	42211	46769	11594	223072	13530	127834	79638	127764	27000	15896	1283	18790	78629	23738	23352	1108	4273
Saccer	2764	50583	7395	8010	53560	3409	107314	85627	23182	4452	1143	82	6440	13908	4974	4423	186	489
Saicom	5416	16532	22027	5831	71867	5472	47158	30606	62533	6988	6184	471	4814	20285	5323	6016	214	3121
Schjap	3371	29824	11299	7128	54834	2475	80493	65978	31021	4074	2405	129	6160	17753	5578	5461	160	839
Sclscl	8135	125820	26235	27366	200165	10671	297828	205808	94521	16063	5313	448	26290	52483	16810	15870	623	1793
Settur	7308	45321	50723	12811	250341	10891	140141	103361	136000	34080	22158	2290	22705	91333	24390	30659	1608	5257
Sormac	15095	48652	73969	14012	229525	19156	137307	95058	196575	27052	25660	1957	14136	63987	18257	20305	1105	7802
Spapas	3408	55199	7760	10622	65029	3450	132424	101791	24313	6211	661	34	8339	15703	6570	3396	112	548
Talmar	9195	60339	36239	16746	165585	8364	167852	97871	108712	15972	9783	582	17939	48761	14278	14667	635	2959
Tapdef	4369	28295	18194	8119	83627	4367	75211	22721	53949	7556	5528	274	7135	24261	7057	11576	682	1447
Thelan	6430	37710	38190	12101	120562	6196	95390	46637	112465	13831	15013	1565	10132	34038	7521	16547	1063	4378
Thiter	10648	32556	95775	10804	170106	12236	110687	109674	222289	21532	51057	5974	9398	51804	9316	30726	2598	14176
Triree	7415	35460	63789	10406	215123	13567	114098	68870	164674	25045	30468	2569	17105	70158	19541	33069	1969	7227
Trirub	6124	40293	33463	10124	129547	6580	109858	88272	98057	16584	11605	750	13854	35060	8593	17575	1055	2420
Tubmel	62839	264972	141202	70978	673424	50345	740363	578613	424045	61620	23490	1094	52231	182573	68605	59133	4064	8140
Uncree	6624	53734	32829	15237	128428	5125	131395	82870	103809	14814	10652	732	12086	34615	8594	14843	818	2898
Vanpol	2326	72152	4648	11486	53588	3537	157281	134456	12592	3640	269	6	8481	12940	5830	3312	76	247
Verdah	8231	31474	69201	10738	222254	14683	93630	51750	165704	27783	35267	3198	13118	67634	17853	27683	2070	9713
Wicano	2826	115331	7086	18930	105784	4332	247767	188400	18837	7554	638	48	10183	20539	10115	5815	129	291
Xanpar	11158	53607	50491	16934	172095	12776	153680	104025	151661	19820	16548	1173	13644	47619	11717	21086	1319	4752
Zascel	9194	45526	62470	16240	245165	9928	126360	58875	164940	26701	24934	1763	18796	80644	19299	33808	1612	7865
Zymard	9286	41084	57924	14093	197269	9052	112657	44561	164268	20585	22313	1563	15439	65193	14458	23329	1126	7505
Agabis	9165	77430	31298	18899	169889	8270	184408	115051	106666	14367	7051	545	16006	46587	15082	13294	713	2622
Amamus	9705	74955	34349	19329	210687	9833	192849	121767	113909	18291	8212	653	21397	62732	19333	21850	1117	2740
Aurdel	21623	65839	157269	22583	400384	20100	182784	91409	423907	36096	71398	10401	29377	140373	23763	69049	4989	28101
Bjeadu	12516	55227	62456	17488	237739	13737	146345	66390	192776	22809	21846	2833	17262	75925	19264	29852	1945	8673
Botbot	12156	80771	65337	19904	259943	13386	198230	125159	206347	27359	23151	2337	23976	80552	18065	30127	1810	9031
Cersub	11993	52334	57109	16014	243231	12283	147852	64386	185736	18670	19376	2345	24451	87248	21501	34257	2375	7681
Conput	12700	51418	59420	13966	264412	12790	148050	107506	179021	23642	19699	1573	25592	88175	23260	29393	1632	8599
Copcin	11687	59627	42257	22123	188661	13510	156544	95444	145021	21871	9826	686	13599	48420	13616	20112	1351	4676
Croque	10177	181652	29865	32909	330342	14036	430993	303808	97235	25404	5949	287	28946	103872	45820	20977	1020	2079
Crygat	5391	30665	21560	7228	98373	5476	88285	64001	60328	8655	5434	404	9731	28609	8631	9284	444	1910
Dac_sp	9192	33546	38393	10853	176589	8328	101356	56893	122814	15211	11302	685	16749	60983	15384	21821	1432	3955
Dicsqu	12747	34458	63334	12090	243320	13695	107608	49303	201772	22049	21548	2841	20037	81075	18918	32623	2322	7862
Fibrad	7933	51767	36183	14086	183160	7606	137929	71662	118496	14617	11614	1313	19006	61268	15583	23453	1290	4242
Fommed	6641	116192	24005	28361	246634	9462	355927	313458	100209	11859	5668	586	33021	90848	35043	23249	964	1807
Fompin	13478	32154	68178	11726	254306	14729	104278	48912	206494	22343	24080	3323	23633	88559	18871	34904	2562	9754
Galmar	15122	164635	62090	37305	313145	16797	370929	244288	204153	29495	17021	1033	27296	87075	24921	34177	2315	5800
Ganluc	15136	41463	74405	14335	256766	14853	116897	75824	236075	26366	26264	4012	21048	83395	19186	30946	2261	9794
Gymlux	15805	195188	53846	42884	364111	18393	445228	273915	191780	29147	11988	674	43927	105290	32621	45889	2196	3931
Hebcyl	9835	103220	35696	27014	208100	10686	227854	132846	131573	22281	8858	806	20003	55334	15618	18581	1260	3813
Hetirr	7569	50370	41085	12787	195451	7956	132473	72000	124200	16692	15312	1941	19159	62144	15160	22144	1486	6306
Hydpin	10422	54307	37886	14966	207099	11549	146930	91682	128756	19143	9519	719	18544	63222	17348	24435	1434	4047
Hypsub	10822	99707	64006	23881	264006	12898	246609	138001	191704	23013	25140	2901	27737	89705	23163	34795	2186	11628
Jaaarg	11304	81164	39915	24526	240235	13848	208843	105087	140870	24881	9269	544	20540	60792	18218	22803	1423	3808
Lacbic	11325	124451	37379	27388	285532	12786	285507	164359	132586	27582	9252	729	26749	82769	25560	27759	2214	3032
Malglo	2010	14018	12960	3731	73108	1919	35747	17156	31160	6762	5037	420	9728	30988	6850	6567	319	1472
Mellar	21155	304366	58242	61862	475820	21569	697621	457756	196793	29942	10694	824	43491	132716	58605	28051	1517	4272
Micvio	10452	32791	49256	10277	126096	8289	90867	41030	129737	10972	16835	1291	7562	37025	8595	14384	799	6833
Mixosm	3947	12737	27776	4282	87319	2873	39214	8350	61710	5805	11733	631	7879	31335	4997	16730	776	2398
Monper	8130	52155	26223	14304	139125	9396	130109	76992	89973	12158	5732	340	12781	38620	11810	13423	731	2108
Mycthe	11763	47128	81839	14218	172254	14987	151137	156015	217805	19315	38961	4618	9821	53150	11908	24411	2091	10314
Ompole	8372	69193	27982	18957	160115	8860	166665	86619	95048	11672	6449	358	16090	46365	13982	18806	908	2471
Paxrub	7067	97476	25016	25811	369121	15892	254164	141377	113761	41696	5461	521	40157	117566	37534	39179	2428	2218
Phacar	13641	56012	69392	14449	264884	13557	153339	100515	193894	21933	25014	2670	22819	95949	22446	39934	2583	8879
Phlbre	13646	61900	59495	18008	276697	13452	173830	102517	178910	21478	18930	2093	27547	97213	23684	42694	2594	7580
Phlgig	9420	37685	50352	10970	184593	10396	102716	57675	142825	16557	19206	3065	14875	62304	15209	27502	1898	8060
Pilcro	11235	131208	41890	25695	313023	14030	323257	202275	148682	28728	10079	745	36114	98846	30595	32901	1706	3178
Pirind	7461	40262	30424	12008	138326	7376	111313	52032	92747	14692	8423	568	13005	39170	9800	13944	637	2636
Pismic	12764	78727	40019	20978	314293	16173	205596	113548	135283	31536	8117	571	34133	106435	31334	38501	2374	3435
Pleost	8473	55333	37958	18491	190571	10675	149532	83440	125891	19355	11558	999	17799	56109	15283	19489	1064	4557
Plicri	11199	51969	51392	13521	195808	9878	133459	67801	155953	16694	16844	1940	20027	69123	15585	27295	1694	7961
Pospla	16970	61528	85437	19866	351391	17091	193981	103274	247610	28760	30422	3729	34666	125389	28894	48033	3251	10241
Pucgra	19549	251066	71577	51384	396679	20280	544339	345947	223521	31966	19009	705	36582	116520	49410	30852	2430	5264
Punstr	13722	35060	66973	12413	206275	11552	98178	53892	191402	19324	24013	1873	19307	67874	14669	23429	1667	10529
Rhotor	6968	6716	49003	3167	85236	4766	21803	9792	112455	5165	22223	1627	2982	28865	4005	17376	1382	6599
Rhoglu	6664	6416	47981	2941	84001	4850	21945	11451	110517	5124	21481	1636	2836	28688	4041	16910	1295	6417
Schcom	10345	34705	69847	12196	223383	11055	96474	40730	192084	19726	28720	2410	16363	74080	14337	32984	2347	11642
Sclcit	13642	90574	40677	25904	354947	16522	244974	146072	144947	37596	8888	636	38107	116374	33295	40858	2426	3776
Sebver	10163	67429	43501	18684	187428	11420	177232	111722	130736	17109	11979	750	19319	54259	14413	14889	764	3453
Serlac	9225	85389	28743	17717	243311	10602	227830	156047	98071	22745	5495	358	25053	74638	25948	26757	1235	2339
Sphste	26230	298062	95034	73218	672549	29333	765863	585112	327942	58003	24244	1756	81894	201462	65514	68509	4164	7898
Sporos	9272	33089	27273	13173	69362	9294	71785	14115	95287	3692	5446	395	2578	17217	4848	10243	417	2160
Stehir	15002	65853	57947	19995	266150	12682	177115	91637	186962	24155	15222	1092	24541	76387	20307	25339	1360	7122
Suilut	8703	83837	30396	20552	247973	10670	210987	128608	106310	20730	7196	593	27531	78991	21822	28969	1831	2588
Traver	15101	36608	82979	12165	261094	15918	103474	58290	251395	22943	31574	5529	20815	95160	20677	39701	3071	13136
Tremes	8271	49039	21887	13423	151135	7651	131265	64759	79937	11612	3301	225	12578	41600	17823	8810	540	1620
Triasa	8363	11688	60152	4641	152161	7710	38438	30386	147542	15388	27668	3038	12828	52684	9541	23663	1689	9643
Tulcal	17418	92536	68846	27922	257229	17019	233553	152699	230558	26450	18365	1390	19958	70113	17732	26811	1710	6481
Usthor	5736	20084	26614	6527	115274	5429	59145	32028	66778	9556	7805	365	10600	38236	8756	17325	644	2612
Walseb	2192	30263	5396	6475	41133	2449	80353	63962	14623	2529	571	54	5446	11637	3726	4067	120	488
Wolcoc	14545	58134	68457	17091	327031	15320	185246	109811	196284	26833	22885	3092	36579	122917	33094	43224	2738	9157
Concor	1820	200151	4317	16796	85124	3397	392208	396915	14732	3551	403	12	14063	22008	8735	5856	193	151
Coerev	3700	43923	19445	7338	112679	4359	124339	109936	49685	9330	6514	701	14177	46340	13264	19720	562	2182
Morelo	10794	49699	40209	13795	280357	15077	199672	144516	125378	32596	9441	681	25004	78249	22354	28238	1967	3867
Muccir	3877	92079	14043	18493	247659	11307	239304	151947	39331	22197	3110	178	29293	86615	32220	17098	345	805
Phybla	6149	143148	19393	24186	223837	9580	401007	352239	65790	15938	3257	124	30371	75779	30750	14991	448	889
Annalg	333	61074	840	5195	28028	710	108045	106264	4269	1333	131	12	6116	7083	3564	1079	36	34
Enccun	205	3602	1119	1063	13916	340	8241	7843	7666	1504	348	8	2007	4311	1102	2343	98	68
Entbie	257	15092	1159	1245	9913	192	27745	24990	4351	661	387	28	1916	2765	1133	569	47	162
Noscer	407	51682	1098	2357	22228	418	87251	87006	3910	637	130	2	4323	8410	4244	931	24	35
Vitcor	195	13647	890	1706	15706	271	27134	26224	3171	1130	179	0	3171	5631	1557	1616	44	49
Edhaed	2819	435211	5325	27380	168294	1945	683818	634674	19520	2920	406	18	40893	54208	28065	3881	51	164
Nempar	355	14434	1508	2337	18560	298	36581	35899	5611	1229	380	14	4679	6984	1630	2505	74	54
Hamtva	1018	74101	1933	7015	31469	634	128620	120207	7864	994	157	2	5004	9069	4193	923	18	43
Vavcul	2773	20563	5842	1990	35524	1610	50243	42270	12715	1828	610	8	4914	13299	4180	2913	112	216
Pir_sp	5495	246222	9287	21564	114481	5720	517198	504665	25819	7838	266	15	14878	22177	11954	2488	59	332
Danrer	73001	1932863	260698	212093	3674972	61659	5236479	5725979	862051	156406	52049	4436	585367	1514821	546964	502273	27138	16423
Diclab	9487	216671	36858	31907	594963	12350	662026	758320	122800	34516	9502	417	75196	224295	88022	114525	6475	2256
Gadmor	112643	811177	494445	167983	3288230	101392	2922298	3413542	1575908	272557	155288	11780	443708	1207801	413836	462302	36248	36773
Gasacu	91384	755861	430118	150153	2484794	66575	2482816	2925045	1303037	147066	142758	10223	284071	922986	359269	537862	41878	36753
Hapbur	83504	1802508	290119	251727	4297654	93333	4735650	5518035	908576	213936	66005	3700	542167	1665449	629002	870750	56648	17240
Labfue	11432	145556	37223	22403	354100	11563	390955	453036	121460	19721	8382	617	38538	131868	48934	73193	4367	2047
Lepocu	79847	2544247	326977	447968	5036784	138705	6906856	7333654	1163537	289970	100386	5005	670780	1770468	645961	920291	57430	19901
Mayzeb	79847	2544247	326977	447968	5036784	138705	6906856	7333654	1163537	289970	100386	5005	670780	1770468	645961	920291	57430	19901
Mchcon	10346	151873	34687	22684	367256	11360	406006	470749	115012	19935	7957	668	41339	137405	51184	74981	4598	1963
Melaur	8662	140900	29871	20715	347348	9978	377795	439493	96753	18085	7038	545	39624	130129	49231	71935	4382	1734
Neobri	78879	1714837	277588	236924	4089251	88485	4542921	5303750	869255	201401	64135	3445	514010	1588624	603078	832155	54418	16663
Orenil	93759	2099521	330724	289604	4942595	106617	5427587	6313660	1048037	248348	75970	4368	609934	1894296	731832	991386	64958	20048
Orylat	99720	1933338	353944	270146	4035188	86714	4682927	5230654	1190387	272388	94474	6863	500107	1430194	591385	899680	55727	22897
Punnye	85060	1789428	294522	250609	4280698	94460	4701413	5480973	917961	213868	67097	4154	538571	1657391	625517	869117	56302	17367
Rhaeso	12651	150611	40946	23941	352928	12450	400233	456677	135073	20611	9122	614	38049	129895	48337	71045	4092	2116
Salsal	300672	3103383	847896	551951	9848631	408312	9935886	10074572	2953141	828731	168727	5765	1220805	3324049	1297006	1292331	76089	42533
Takrub	61526	707057	266456	135995	1884762	53605	1930575	2232378	868792	122680	83886	7385	187151	669176	249312	479863	37236	27150
Tetnig	57672	598408	283821	103615	1549144	47183	1580790	1798973	871307	106066	98870	8971	149640	566105	198399	451210	36329	31945
Xipmac	74174	2005686	289342	212670	3822516	75481	5049457	5472992	943163	195385	78205	5340	489334	1406028	569460	808328	49182	18298
Oikdio	12434	342637	46434	54102	234084	7298	592426	435409	153796	10755	12216	828	22808	67283	21303	22071	550	3325
Cioint	21537	423667	50369	45917	588527	17763	1023830	1079474	166615	39249	7541	504	75159	202945	83474	40898	1278	3406
Calmil	53698	1777769	242392	336864	3291249	98034	5047979	4502438	1068724	256443	58547	3517	382613	967190	379507	530004	19540	8828
Leueri	117983	3516402	554113	638134	7967878	188226	10162848	9507910	2138524	565446	162046	7040	878466	2467540	875418	1359733	45995	26246
Braflo	113456	1357582	315912	199815	2903200	142646	3180615	2848481	996569	210191	77522	5096	326083	1186886	624478	313599	18115	25108
Petmar	196081	1320049	618968	254362	3295496	112396	3871110	3873280	1741053	287618	190463	18975	435053	1207866	367003	491294	26913	86247
Ailmel	123441	7516726	671838	1237533	12898326	420090	16168178	16695619	3240511	1045142	245676	14316	1271927	3648036	1331330	1530315	130119	31790
Allmis	142951	5180989	626989	824436	13509237	500129	13503854	13567751	2551518	1404010	224934	13238	1646409	4736861	1400362	2849159	224469	40327
Anocar	79191	4824017	617153	897631	9801746	314074	12299178	11464720	2200239	913030	340184	12503	1173201	2947101	1027052	1103826	48850	15974
Bostau	78036	6647845	432257	1287107	12751420	333294	14244492	13482089	2292963	2084647	170938	14153	1253593	3371896	1239336	2126135	106099	23059
Caljac	99347	9151594	573961	1435915	17012646	534399	21226049	19187583	2992252	1350375	218504	14167	1620801	5195485	1902290	2210249	142376	25058
Camfer	96313	6797514	562636	1119385	11043171	406608	14716830	14581943	2528566	892460	214724	11340	1154909	3374949	1240107	1639963	138766	27856
Canlup	103636	7865204	593562	1229454	14233241	450283	17141849	17545211	3415483	1101281	241512	26673	1373099	3791465	1404198	1677761	201051	36218
Cavpor	112842	9457533	542323	1457228	15448145	740477	19702886	18630383	2595721	1223885	197468	13041	1685000	4663244	1736014	2186931	166240	27145
Cersim	105265	8412680	934162	1321138	13613988	410526	18229461	17641076	3183616	1147994	509105	17715	1360499	3892561	1462005	1705624	133263	30058
Chilan	107377	8043482	618785	1204319	13791532	758218	17085285	16254988	3107467	1141119	241624	17342	1435210	4324443	1556569	1972084	146114	32351
Chohof	56393	7174224	288186	1488314	10330396	371811	15162444	13968886	1418433	1021020	95356	5642	1204828	2929235	1101749	1222882	73350	11537
Chrpic	189162	5815409	970284	1041312	12584419	462248	14547647	14252973	3611465	1219304	366144	20455	1367943	3967184	1206110	2533157	158962	54413
Chrasi	128560	10237656	480508	1791572	20475467	719984	24542255	24551607	2203149	2657517	129293	7767	2648508	5632053	2321119	1796066	100257	20756
Concri	83265	5685830	579003	906719	9847749	281465	12338681	12606258	2399179	776026	259009	23506	1300493	2846009	1125942	1507351	114319	36238
Crigri	76267	6753662	364436	1291793	14884870	507234	15738324	15658065	1765965	1431424	107321	3353	1590407	4875118	1802679	1617981	120405	14155
Dasnov	114968	11470683	833962	1872653	18630862	634025	24663099	23284081	3766436	1804853	388497	42636	1985425	5037208	1851893	2279517	176269	51050
Daumad	90287	9684837	423759	1432434	15123788	479591	21125749	20102428	2144642	1258294	134367	3607	1632241	4531886	1769284	1853704	141435	16402
Dipord	78469	4736685	406075	911180	9404165	299104	11145447	10475722	1951786	780336	150210	11162	1179332	2818747	952433	940541	70814	54934
Echtel	192161	7146833	897424	1385205	16277340	515348	17825634	16713556	3996629	1716971	302534	13257	1779382	4915047	1736673	1960751	174544	44716
Eleedw	167372	10081872	553219	1549525	19972562	695099	25435069	23071387	2469073	2594481	152224	10970	2520538	5913769	2233864	2429987	125113	26605
Eptfus	225955	5685108	1061050	889399	10557123	326714	13019782	12590740	3666246	957382	443556	33914	1158361	3563243	1118466	1525088	208447	50615
Equcab	133001	8361894	844926	1367504	13859042	437133	17976169	17432918	3347694	1204025	398222	15920	1370192	4151325	1447332	1838309	144988	28432
Erieur	137355	6634552	722802	1062861	13215352	338875	16211583	16356675	2935476	911933	182190	12166	1254727	4142018	1754737	3424424	1267308	26850
Felcat	141707	7921868	749064	1327588	14008898	440331	17026519	17564533	3377193	1041177	270370	17680	1320354	3765256	1420129	1460003	120388	36545
Ficalb	31657	3563504	189389	583172	5865299	182035	7838245	7267671	818858	595421	77936	10966	655925	1745796	559843	1520836	108629	17720
Galgal	50331	2752930	229182	479471	5521133	168586	6596011	6599613	916886	469166	86230	14434	716177	1770233	510280	1363968	84243	18146
Geofor	28759	3603989	155185	583992	6090020	185004	7934941	7334951	726417	656850	57024	5134	665125	1794588	589205	1526303	112044	11706
Gorgor	100756	8656704	536640	1403292	16253203	480348	20068384	18411171	2966378	1287063	194499	13627	1610120	4819126	1771114	2109847	138041	24524
Hetgla	82135	8586127	468603	1250180	13831891	854838	18039454	17077981	2660188	1200172	182540	13733	1471775	4146227	1618440	1834443	146652	25322
Homsap	99234	9324288	574846	1459298	17244533	530160	21965095	19837728	3437030	1383751	218206	16313	1682217	5149537	1876503	2308691	147229	27250
Jacjac	80892	8332517	439913	2050194	16980066	578028	17747577	17647721	2410334	1498587	166631	10746	2349971	6334494	2088310	1645166	109325	23976
Latcha	149478	7158265	596662	825210	12765703	473218	16470322	16883151	2731929	1098857	190367	7391	1609455	4326917	1373177	1802848	105922	25205
Loxafr	167640	10373940	636601	1814943	17675683	607424	23098198	22074776	3017290	2152490	188993	11409	1914311	4891938	1975837	2056723	128676	27184
Macfas	79404	7328470	420712	1162438	13338675	400148	17346535	16009221	2429666	1027627	148419	8993	1309158	3891833	1454654	1712123	109331	17724
Maceug	47956	9139127	192468	1688080	13917260	474574	20104070	18470398	1088365	1087857	58389	9035	1488783	3826903	1621507	1122144	63506	8942
Melgal	37852	3015059	153069	504058	5534727	150467	7036061	6872232	645762	430518	48719	4092	738220	1802211	528102	1330682	78103	9970
Melund	55066	3150466	214865	531754	6927679	226490	7675884	8041934	785463	687227	66708	6785	814472	2237677	722506	1492450	84880	14713
Micoch	109899	6166620	510804	1161900	13178814	502444	14174840	14472590	2527728	1250329	157914	8606	1394027	4329586	1492275	1722132	144707	22888
Mondom	62406	13477740	324715	2505834	17682073	574724	29616503	27289086	1695179	1465646	134868	7441	1959273	4748271	2165045	1211136	70605	14373
Musmus	94213	6517479	426598	1226968	14463940	508013	15268187	15424646	2162237	1388988	131636	7412	1572491	4693261	1702012	1709090	112422	19933
Musput	127492	7866729	720622	1304076	14015173	460017	16828974	17762554	3216595	1134979	287834	20859	1292296	3716414	1411474	1503113	125268	39159
Myodav	259011	5741084	999336	892601	10861568	323873	13161246	12864026	3520716	979569	361772	14804	1154979	3689008	1144454	1528218	167951	38744
Nomleu	96251	8946694	530138	1445317	16251989	498966	20951338	18876694	3227341	1306433	198798	14207	1606352	4882949	1773958	2197998	139267	24318
Ochpri	153987	5813867	870800	1037232	12357464	407586	12800764	12568841	3191179	1150727	231728	20666	1345778	3883156	1316901	1933408	172151	29872
Octdeg	95111	8512171	709140	1331446	15394348	567692	18485072	17552355	3168817	1190163	351106	16429	1523582	5048742	1597796	2223514	174930	38886
Ornana	158268	3794571	799350	752707	8224519	274316	10385943	11442917	4148139	662295	278261	15077	620246	1837454	671401	988475	64059	40624
Oryafe	108243	11050215	467983	1918543	20220120	574107	25595157	23372653	2122459	2515207	154328	10720	2323535	5441811	2009790	2190651	120476	22797
Orycun	208709	7801781	2103454	1355311	14758600	528732	16936285	16897944	5364332	1585658	1283356	31301	1572220	3831450	1349698	2637023	194410	61034
Otogar	95120	7928548	647884	1262683	13407158	476306	17807567	17186643	2721686	1419582	243231	11857	1263758	3889129	1580316	1795919	147343	24016
Oviari	100594	8205815	529120	1586178	15624450	406943	17519435	16702577	2816005	2486051	197279	13148	1511797	4207151	1485633	2582365	140543	28153
Pantro	100041	9213067	562290	1461396	16934858	517038	21613549	19527798	3336502	1351938	211282	15838	1656398	5051865	1843430	2248064	142877	26788
Papanu	111995	9188562	584076	1505007	16847238	523018	21815128	19670430	3530498	1338999	213294	17781	1642859	5027423	1868302	2243193	143272	26847
Pelsin	171975	5323184	822769	862955	12038482	391606	13270182	13221279	3611559	1220000	313274	15760	1247010	3888893	1123297	2321612	156496	42195
Ponabe	104112	9636428	578528	1507755	17532708	546353	22503193	20235975	3403510	1397453	218208	15549	1724902	5243766	1922199	2324287	145015	26812
Procap	113546	7109144	462793	1272252	13055223	462154	16234405	15884117	2162816	1232293	145290	9528	1312917	3937054	1631539	1688787	106399	26576
Ptevam	100386	6464892	535354	1009003	9737776	328938	13861225	13557176	2196860	766855	213320	19505	1044871	2910569	1150549	1202816	88008	32132
Pytmol	44365	3474411	182020	679135	6371703	173960	8784339	8409661	761055	527373	52007	2637	888211	2012068	676484	933929	46304	8024
Ratnor	111252	6521300	481407	1273289	14322700	510166	15226175	15286262	2498186	1331684	142630	8455	1504634	4618055	1713200	1679735	112509	23609
Saibol	94074	8353916	535690	1318037	15437915	478449	19345076	17814881	2866994	1218233	195078	12237	1509901	4745921	1740324	2064775	135017	23271
Sarhar	54781	12488444	289496	2169388	14922235	453081	27201870	24675801	1506115	986819	108931	5676	1874582	4084792	1997359	1039433	62276	10963
Sorara	123128	7045802	817287	1042759	12729964	467299	15645916	14045572	4478989	1112709	353901	39489	1318033	4138794	1271651	1586618	146632	47957
Spetri	77217	8613608	437669	1322551	13898717	499662	18430679	17494296	2164904	1158766	164834	9729	1583298	4459116	1591048	1728088	152532	21158
Susscr	10309	733145	69644	123724	1330049	45969	1599077	1635256	297110	129189	28218	836	129170	377279	136988	219888	14513	2328
Taegut	38746	4087795	229494	649424	6688080	206763	8928393	8257453	965109	701840	94186	15136	740533	1993832	670488	1621422	116705	22133
Tarsyr	96778	8311035	440564	1776962	13340084	465651	18557012	16530442	2797753	1019735	146336	12005	1387054	4285285	1501175	1590061	115848	20050
Triman	145534	9330935	589030	1604025	16003095	483222	20693849	20088776	2810048	1779436	199136	13038	1708806	4542699	1851768	1892773	124879	29977
Tupbel	85194	6218431	511584	926317	13545198	328705	13804783	14588091	2890099	1264868	214665	9301	1487677	5409921	1710830	1557045	110517	22103
Turtru	120710	7571147	650026	1274490	12814675	461668	16648037	16418613	3274816	1337407	248769	18604	1254225	4181652	1403647	1763937	132575	31959
Vicpac	71976	6278882	420031	1334091	9200729	308444	13053914	12493932	1785651	691444	124779	7273	1033243	2909071	1072282	1215380	141363	18139
Xentro	106883	3682373	462748	583821	7024021	312482	9768723	9603256	1685264	553784	140411	4051	920542	2472565	945026	1056165	69006	59847
Acrdig	57251	1515778	166501	216365	1867777	55150	3205452	2784515	583216	117996	33773	1500	219257	586652	208745	147541	5428	9175
Nemvec	34743	737527	120708	115155	1182830	59475	1690318	1599968	433718	88792	27649	2637	126390	392454	140194	76795	3461	7352
Alamos	212498	2644564	715873	393975	4006855	257177	6120435	5712202	2778031	292939	184265	20245	417304	1316186	466939	331311	14170	59558
Hydmag	32576	2683920	85826	168937	1649680	47235	5093556	5144143	298371	69127	20849	854	298151	566036	241096	99110	2516	3660
Mnelei	27201	619730	81541	71632	742837	31805	1282264	1189852	309426	45437	15962	2408	58744	218013	96189	75752	3220	2756
Patmin	208054	2832903	538149	373872	4753254	247353	6391555	5351543	1627413	323701	117926	6853	617240	2016248	1039241	355327	17191	24805
Lytvar	127692	3314105	277014	463773	5105518	152877	7340566	6330596	1043013	344078	44924	4425	734850	1887064	995657	239199	9427	25559
Strpur	162411	2581756	320889	377637	4409218	142855	6174076	5611992	1085421	225082	51120	3780	628374	1674729	895735	214299	10294	10922
Sackow	105602	2200423	238267	299071	3662920	97437	5406016	4584762	779651	224066	31948	1861	593086	1518332	772117	179302	4689	16607
Cragig	100106	2387907	173808	280183	2813781	77806	4845002	4596390	648152	123824	16064	959	501436	1251016	742206	144993	5715	7793
Lotgig	32814	1374699	64755	172644	1439925	43217	2868038	2605002	260160	70864	6502	218	160404	456915	242566	69028	2292	1533
Pinfuc	77821	2412103	162236	279882	2996961	100918	4645642	3908225	682009	143175	26928	1483	416800	1332214	787220	109831	4519	6578
Aplcal	79914	1941158	257299	234131	2961121	112964	4380496	4015734	1051804	155720	56506	6541	291057	1077978	468668	270367	10046	14218
Ascsuu	41249	1363316	120917	205881	1160981	30770	2484900	1942625	404944	39456	23564	1687	260020	366357	94292	121508	2507	6039
Brumal	7912	420405	15783	45620	254682	8190	752037	640694	65468	7974	1579	71	56283	76624	26889	21296	601	597
Burxyl	14980	414487	62748	51129	304955	11064	701518	423156	234618	22749	20896	1231	26659	82698	33282	21655	770	3320
Caeele	14650	680112	54806	81937	390587	13697	1113263	769084	214948	19151	11834	753	45564	116681	47844	25166	628	3391
Hetgly	12496	487804	57827	49263	218634	8886	793755	573140	195153	20257	19154	1107	34015	55975	17634	12859	389	8296
Hetbac	8009	354736	21125	47007	319535	9114	763204	697681	74404	13944	3678	256	55938	95370	38122	19695	474	859
Loaloa	12877	569522	25140	67962	354908	11731	1002186	832953	109697	11782	2303	98	75251	105267	37779	23710	474	840
Melinc	9377	593682	26279	42663	186243	11116	928912	823449	120607	8988	5655	295	22771	54312	23830	11438	478	684
Oncvol	2752	153213	7207	19293	103014	2517	271137	219261	27246	3413	1263	80	19763	30184	9620	6997	191	311
Pripac	26382	450712	91118	110082	604625	22218	1061671	605095	331416	32838	23476	2601	75181	163515	47575	63422	3697	5866
Strrat	7801	329133	24935	13785	159489	5178	588385	568074	57521	6507	3131	313	22769	43004	22841	6565	346	2570
Wucban	9764	532284	18351	54503	284009	8550	920078	779467	76616	8047	1547	70	68730	87058	31029	19531	329	659
Trispi	8212	313742	31807	30498	217970	3742	552020	402567	77699	7361	8843	466	50220	83745	24767	19018	348	2685
Triadh	14834	449068	34005	49163	452757	13673	1041343	930297	92379	22272	4489	143	73080	126728	46440	35126	732	926
Closin	231003	1855102	549344	376008	2960850	125704	3946839	3041261	1797417	187471	80633	3578	335548	962597	316577	269139	10716	32488
Schman	46562	1401072	139825	274682	1686957	37518	3226425	3001399	445583	120595	29897	257	215571	416020	219630	58658	1203	3893
Schmed	97674	4677889	248701	454958	2598023	73751	8347245	7367530	996801	131595	42578	2623	405245	719523	321260	105537	2481	8019
Ampque	11489	488650	34136	54572	886357	29312	1234539	1152514	109792	49360	7131	332	165178	419943	255574	64485	2067	2127
Helrob	20686	1018839	71657	86377	951872	18767	2062654	1863534	214671	34540	16646	394	171311	360634	133532	64980	1383	3207
Captel	42564	806272	131421	159643	1517910	29277	2060705	1604315	478910	101996	28462	2298	277930	581509	215193	129298	6170	7999
Ixosca	451611	4634283	1909743	715745	7947890	370313	10780822	9749623	5541168	494498	562179	70401	869710	2890156	782648	976497	36745	205457
Metocc	47713	472813	221318	185023	745318	32432	894807	335787	860889	64101	78428	7609	61643	180104	42831	72338	3797	22731
Teturt	10577	420426	21580	38907	419457	6686	970755	860839	67924	18665	1519	92	44831	76227	39769	11910	357	668
Vardes	63286	847098	251015	124367	1313819	62122	2168005	2025127	654720	63123	69800	6426	172630	462817	164245	131942	4910	15641
Strmar	34832	875474	89527	95483	728170	28127	1690232	1436451	293767	40964	16051	2489	107736	250558	102106	61616	1824	4148
Lepsal	60989	3166733	134348	285409	2543346	69058	6737755	6175401	600157	141387	17173	499	360616	655214	312316	129243	4585	5062
Dappul	29878	593173	124979	96114	570030	18398	1164628	906211	408439	41747	41621	3374	56438	168057	71565	51143	2114	8924
Acrech	43495	1563004	156846	184458	1177838	30712	3102916	2727648	492266	39334	39615	4282	216347	409066	172354	67790	2069	14616
Acypis	85451	2214671	225630	216439	1601112	212750	4964941	4731708	664365	72774	41847	5823	303223	525733	243968	172773	6197	18219
Aedaeg	129214	3152442	362595	565591	2756953	124535	5508633	4106676	1330806	155981	77620	2716	347405	834253	313666	201953	12086	23180
Anogam	104577	728155	372770	99123	1163432	58881	1838505	1567359	1023449	67340	103976	7987	155896	414146	117899	134645	6772	31628
Apimel	44642	1418991	140322	175663	603065	14276	2517586	2147792	393663	27999	35836	4076	120603	178267	73960	24949	1035	10952
Attcep	39044	1643436	139175	190898	1199470	27014	3228111	2822736	447422	39168	34633	3719	225544	416610	174132	66325	2032	12472
Bomter	60175	1221517	184003	180983	848819	33306	2405073	2038350	508084	45843	40552	3473	135621	273583	112807	58581	2269	14999
Bommor	130615	1635993	314693	194653	1538269	266652	3690686	3633596	976055	110484	63053	6968	217540	496256	230576	92752	3543	39315
Camflo	38628	1177432	145817	128945	870402	23549	2347830	2053877	453479	26927	41074	5031	179105	330504	141211	44451	1600	14755
Culqui	104577	728155	372770	99123	1163432	58881	1838505	1567359	1023449	67340	103976	7987	155896	414146	117899	134645	6772	31628
Danple	31508	1113637	107807	114209	862933	28068	2372491	2415368	322989	35616	27511	2953	109699	286192	151022	43841	1437	7868
Dromel	17397	467031	116798	68311	568863	15460	1088286	940319	369424	47409	51910	2781	84852	199867	58468	90030	4086	11187
Harsal	70247	1055368	418946	176266	997608	38148	2278876	1830234	1092415	42058	176146	27390	136170	368793	133021	83288	3638	64221
Helmel	33110	1297481	108771	197369	937803	52068	2824152	2785260	333629	34309	31078	4319	128236	342231	161884	49445	1911	9377
Linhum	46947	1045548	206415	129740	804276	22985	2139114	1834658	564059	26882	67677	7403	161323	309992	113268	62809	1857	26517
Lutlon	7104	859145	32991	100563	500867	16199	1447976	1125416	214004	33168	9843	337	71565	121530	41590	38368	1863	2514
Mansex	78945	1703661	305337	186211	1686899	82519	3981737	3761226	802203	66891	105998	8562	229158	550062	234489	115441	3793	24088
Maydes	25486	970748	80453	156235	703196	13496	1736475	1227226	236833	31923	16065	844	167732	211732	77422	20288	595	3678
Megrot	104577	728155	372770	99123	1163432	58881	1838505	1567359	1023449	67340	103976	7987	155896	414146	117899	134645	6772	31628
Menmol	21171	1116618	53411	92652	528647	15830	1874920	1765207	168953	17029	10020	880	76848	189464	99786	22334	567	2799
Nasvit	40135	983420	228586	142226	821470	29835	1981361	1614352	660411	32892	89853	10615	146522	300450	87325	160184	4124	29326
Pedhum	16792	862939	32593	54583	256058	12318	1330394	1228882	184373	8779	3619	466	35801	71774	33178	7397	346	1563
Phlpap	85209	2404895	147839	280955	1345316	44543	4006836	3185985	636523	73918	17015	443	173606	324910	138365	93725	2574	14673
Pogbar	43015	1121980	176244	141330	854049	26113	2260381	1943185	523798	31435	53724	6540	155427	309096	123043	50654	1712	20651
Rhopro	53900	2741013	186149	318106	1791447	80919	5368326	5120943	796517	80709	60402	1783	234626	524033	224866	173109	5895	5958
Solinv	62323	1753524	256206	190650	1271124	45158	1400981	3095325	754660	51128	77775	9591	219557	467893	192585	86061	2788	28693
Tricas	28048	952115	95698	84887	502804	21702	1735962	1508831	319179	23761	20846	1693	64197	164094	72344	35142	1553	6104
Capowc	4877	34910	38822	8770	153103	4218	90913	33108	94258	12704	17014	2350	12200	53040	10328	29690	1051	4531
Trivag	3973	508762	14741	85073	381276	5566	887638	689383	63936	17785	3099	181	65030	95320	40616	22632	551	586
Bignat	13072	212603	51317	46639	552441	15711	547999	381554	178604	30407	13439	1654	94590	231889	64274	56534	2204	4746
Phatri	8971	61739	33199	14469	125412	10353	145828	68043	107232	15584	8323	818	9662	34451	9658	11178	416	3169
Fracyl	20543	231609	40493	41033	318918	17488	575420	404634	112398	21659	3660	363	57436	94700	32170	23734	511	2299
Psemul	90258	455979	233902	110303	915688	63673	1144199	571732	611309	85522	44272	2872	116422	253440	85037	67312	2444	18520
Thapse	4589	34909	18388	10839	158245	7413	129927	70472	60370	13211	3906	252	24092	43758	12549	16870	361	1907
Blahom	2307	38756	10548	16563	75723	2513	102903	57304	37448	5196	2841	491	8237	20539	6132	11693	478	1446
Nangad	5218	38974	32210	7268	134126	6377	92840	59050	105512	14446	12026	1501	10808	44486	9826	12433	1313	3282
Hypcat	8950	43747	42722	10399	249602	12359	157306	157664	152189	22434	12401	1317	14884	58701	13347	49673	2707	3151
Aurlim	8583	145858	40986	32137	331080	20189	383546	298709	135491	28061	13489	1346	38645	100782	24906	45196	1815	4108
Albcan	7365	106969	20155	27288	186706	7622	256597	128760	74270	8817	3699	239	27684	62462	17426	15067	501	1430
Hyaara	20491	135913	67051	28842	378550	21254	381535	325575	199074	25611	14911	1387	37212	124673	39450	45131	1143	4981
Psecub	18491	101203	151801	24852	386929	14558	265281	164452	301042	40562	79466	7290	25670	116978	21266	79602	8481	23497
Phyinf	52892	222328	171280	49677	699958	45736	601829	524379	531361	61940	42470	3423	56068	227046	76214	101603	3715	16341
Pytult	9125	53199	41582	14256	253959	11440	156792	85382	109902	24008	14999	3932	24110	89030	16855	38698	1275	6096
Sappar	23080	35022	124107	9796	336954	23723	106019	62338	243816	45237	57969	9740	24279	116442	22983	40980	936	24544
Aurano	12378	32963	188865	10218	203820	7253	68456	29895	387625	35003	139525	65240	4323	51494	8927	19324	1388	75415
Ectsil	69720	223975	339347	48148	1081892	72973	601514	382975	917803	94725	121425	15919	108621	423212	118693	123828	7516	47318
Cyamer	6732	21169	29737	7916	96738	8396	44220	21100	83432	8557	9497	1152	11589	34565	4949	19578	822	4184
Chlrei	33279	38392	347600	11499	636535	28860	153698	131909	679913	64527	209353	52861	52627	276801	41832	184009	18666	76865
Volcar	35045	115408	235466	26310	685644	34820	360816	333593	635053	68554	104170	22004	76141	285973	65212	136013	11601	37098
Micpus	6497	15922	55999	4402	66505	5529	30597	31818	149695	5475	30314	12861	2140	16873	4555	8286	288	24868
Ostluc	3775	21758	25855	6776	50508	2207	42541	21933	59418	5035	12231	1258	2293	13816	3181	2757	82	10501
Ast_sp	5483	32463	69309	7327	516082	12868	120331	54255	160531	46781	38217	3167	50286	255429	38320	301223	54493	4376
Chlvar	7394	10680	152956	3240	272569	12299	43330	22970	277092	29216	106265	21704	20795	127279	11491	139754	24484	28053
Cocsub	9224	89539	79161	17494	402854	10943	239564	116616	183265	29198	40787	8172	69874	208044	33226	120458	10511	10039
Aratha	21292	353521	47037	49889	465439	12029	778611	708286	157557	31103	6435	223	63728	137946	65070	32639	1058	4371
Betnan	63366	1753602	223662	211180	2339659	69392	3820426	3276860	698908	164220	59924	2986	315674	752322	298118	141459	6138	17684
Bradis	72517	755766	438573	119829	1791001	72738	1798258	1371489	1079931	184833	215787	21844	263913	655486	214434	189079	14092	78613
Brarap	56084	947782	131639	96535	1256371	31291	2060803	2065980	425396	78211	21464	1060	173459	389584	187818	74786	2200	10636
Cajcaj	44305	2397573	121301	250788	2726318	85151	4966302	4407334	476932	168931	25599	2405	462027	896654	385859	90637	2999	10025
Cansat	49063	1981256	144288	242133	2200645	74010	4240082	3682775	540221	152619	34155	984	293554	676112	303643	96686	3766	7736
Carpap	29145	1257067	91657	152046	1400335	49700	2569034	2234302	377004	96230	17956	641	221346	443279	176553	81369	4208	6149
Citlan	22096	1706149	68096	189585	1638409	41286	3374398	2978626	251518	103900	15025	849	265535	516947	216745	61374	1847	6785
Citsin	23747	1322994	82508	148450	1360970	40813	2695795	2321077	273304	78957	18855	765	224672	447099	169134	88859	2518	5236
Cucsat	17367	996859	58354	107549	969411	23460	2034668	1792195	192613	62723	11153	625	147283	286570	124511	42965	1829	6354
Euccam	102248	2444150	381814	339363	3275620	92736	5092240	3949773	1117158	255800	116389	3169	460259	993156	353054	168749	6971	35134
Eutpar	23258	417552	55442	50161	521138	13697	895352	812950	182452	35558	9269	513	72150	156288	72675	35482	1011	4675
Fraves	36739	785707	114569	114100	1185093	38213	1754665	1416631	379358	75869	29751	1354	186238	392627	153804	87025	3957	11777
Glymax	84496	4187570	217462	481504	5131174	152726	8752544	7527900	813594	334780	41606	1913	872084	1700570	668128	196346	7351	18617
Gosrai	81996	4024603	197526	428387	3987840	146659	7815637	6990916	743667	234335	32025	1496	638715	1358196	583502	130351	4097	11480
Horvul	334356	3904363	1607747	576470	10390405	344721	9193449	7025222	4588594	1053842	657773	40678	1383642	3340469	1065942	519117	41803	220356
Jatcur	35834	1246311	105539	150929	1203851	35333	2551511	2178566	325591	82482	18954	3042	217782	376533	138438	74652	2653	8060
Lacsat	203897	4113983	426143	580563	6655093	225613	9257144	8325478	1627553	477420	53459	3932	939548	2066654	896380	201408	8569	25316
Leeper	3557	54380	20845	7814	106977	3408	126084	99963	48396	9500	10107	1142	16766	39547	13498	10166	541	4807
Linusi	61199	1033531	189364	179800	1497969	53610	2341571	1879479	584222	121162	48019	2492	214992	435299	168621	114632	4065	20819
Lotjap	18347	489256	52804	73887	668942	21326	1061252	890115	185346	45590	11063	643	88841	203758	80385	35914	1511	6744
Maldom	52072	1826967	180538	243331	2573394	73344	4059977	3384948	667737	166165	50129	1992	378968	837565	327666	137242	5276	11945
Manesc	47567	2001214	170231	261627	2298284	63507	3889980	3540742	531442	140917	32011	724	432567	751601	235479	166708	6097	15786
Medtru	47127	1437099	122422	167711	1703488	47932	3122544	2722219	353521	82199	26430	2629	287655	573136	262480	78910	2861	10912
Mimgut	45617	1230020	148893	159562	1241692	33476	2629056	2139165	498691	68469	31488	2525	195137	429387	174341	65879	1663	15653
Musacu	62825	1389148	211804	239725	2408696	106226	3199075	2735141	695540	169436	60749	7609	382313	771889	299326	164626	6812	27819
Orysat	93566	1150138	519004	153401	2136308	74449	2575415	2111332	1146986	197391	247872	25485	312789	771547	271890	199958	13751	108439
Phodac	66690	1395648	211812	187334	2336657	80565	3067636	2570818	617039	182294	59858	3368	394021	760605	230778	155738	6884	15749
Phypat	23908	2085107	97088	266851	2292412	62217	4374511	3604297	388514	130782	20432	1410	330208	745092	331193	123988	4912	5843
Poptri	47821	1781023	125184	210490	2274795	40092	3867991	3503880	432642	130137	26952	1361	338858	726745	293698	124948	5283	7495
Pruper	22669	872191	73348	117774	1170394	34314	1880709	1479419	263652	84691	17416	719	173208	373810	140659	78624	2911	4687
Riccom	31437	1501581	105108	189972	1579099	38802	3134828	2806454	316387	84556	28767	2016	262460	508223	197671	90433	3502	9005
Selmoe	23033	438575	105810	77839	954098	37647	958424	796944	428270	113027	36837	3852	106383	262864	79350	59316	2388	13158
Setita	104161	1028499	555812	162709	2503427	106219	2450289	1884184	1352451	254274	261374	30726	349390	853436	258526	249867	16162	100213
Sollyc	61289	3436230	163682	447705	4283133	109393	7294012	6478822	706936	222751	20347	634	631352	1347884	601326	154084	15026	9262
Sorbic	124566	1658295	604364	292222	3641256	137526	3870021	3068445	1602516	364764	253134	29375	559334	1242288	418680	323405	19226	107303
Thecac	29143	1486175	81198	169908	1740225	50396	3005866	2675357	253602	124959	15618	400	284927	541401	228792	101829	3112	4499
Triaes	29434	355919	134575	51987	975805	26769	878289	690553	435190	96800	45909	3052	137472	309499	99130	49662	3554	16190
Vitvin	51803	2103564	115450	248171	2656049	72985	4277467	3724040	445721	219716	21189	767	406706	772075	310490	114553	4754	7846
Zeamay	31957	372188	183521	65131	812503	39172	882474	714383	485802	78406	83053	12823	112986	272999	89525	90073	6779	34437
